10 0.1655552171875 0.47208242968749997 0.316620825 0.804708959375 0.606676378125 0.7221110875 0.5794700546875 0.6878219031249999 0.638514271875 0.6116565359374999 0.5079408328125 0.3613198890625 0.430724359375 0.36758255 0.406966678125 0.32477971875 0.1655552171875 0.47208242968749997
5 0 0.4238758671875 0.009130234375 0.42317853281250006 0.0682025265625 0.440374234375 0.338353828125 0.3628194171875 0.3897725390625 0.288242984375 0.30504309687500003 0.253850021875 0.01784194375 0.300770996875 0 0.3185328140625 0 0.4238758671875
16 0.118879025 0.42759874218749994 0.31086481875 0.6560435109375 0.323315453125 0.650237684375 0.1315849234375 0.41654819375 0.118879025 0.42759874218749994
10 0.6175555953125 0 0.5926129718750001 0.0243274140625 0.5802357875 0.09068796875 0.6211451515624999 0.138347153125 0.6839127453125 0.1263152171875 0.7352848296875 0.0689388046875 0.7493786906250001 0.0093620625 0.74515025 0 0.6175555953125 0
10 0.7283555546875 0.12994223437500002 0.68966125 0.138642925 0.64704063125 0.1690305234375 0.6114352421875 0.22801808124999998 0.6073924093749999 0.24392277187500003 0.6213905859375 0.2776098078125 0.6616955546875001 0.295806853125 0.7638897296875 0.2449941328125 0.77863551875 0.185669253125 0.7631336531249999 0.14935357031250002 0.7283555546875 0.12994223437500002
10 0.6140826374999999 0.2254580640625 0.59887983125 0.22195379843750002 0.5492672953125 0.2220950484375 0.50853486875 0.24429044375000003 0.4666667125 0.30416734375 0.4940064890625 0.36125413125 0.5447251828125 0.379058109375 0.5788301312499999 0.3441324625 0.6215090203125 0.3185921765625 0.6296228562499999 0.29148914375 0.6208547359375001 0.27670519531250004 0.6140826374999999 0.2254580640625
10 0.6167604437499999 0.81749073125 0.587958896875 0.731731778125 0.3929432734375 0.7865647390625 0.42471154687499996 0.8487164843749999 0.422869775 0.8582766984375001 0.6167604437499999 0.81749073125
10 0.430180484375 0.8534299015625001 0.48813331875 0.9573383218749999 0.6885309281249999 0.9420755375000001 0.624691125 0.8130870765625 0.430180484375 0.8534299015625001
10 1 0.56761964375 0.79824001875 0.6216074578125 0.9279220984375 0.8480407796874999 1 0.8161176125 1 0.56761964375
10 0.8900030953125 0.7760150921875 0.813731609375 0.6193275765624999 0.5829832453125 0.678743675 0.6057329078125 0.719125 0.5789155515625 0.7303259984375 0.634259659375 0.8207846796875 0.8900030953125 0.7760150921875
10 0.930372565625 0.8344981046875001 0.8896353609375 0.780590709375 0.6278308109374999 0.8202175015625001 0.69864780625 0.9549531375000001 0.9354721125 0.8454341171875001 0.930372565625 0.8344981046875001
10 0.666825259375 0.6441425015625 0.9547488265625 0.5866974171875 0.9869494187500001 0.5641778953125 0.9377619953125 0.410799153125 0.8872384249999999 0.39323022343749997 0.8714425890624999 0.4140221515625 0.6169973093750001 0.5014634796874999 0.666825259375 0.6441425015625