10 0.6838970843750001 0.42557414375 0.638184515625 0.443091871875 0.5830588265625 0.388660603125 0.322120475 0.49649861093750003 0.3183928140625 0.592797559375 0.2755108984375 0.6015767109375 0.4446134546875 0.8512944671874999 0.7741446359374999 0.6935908625 0.6838970843750001 0.42557414375
5 1 0.6860910078125 0.9974164343749999 0.657306953125 0.8075678078124999 0.436754059375 0.7205539203125 0.4086375609375 0.71200613125 0.49881773437500004 0.869102759375 0.7318780796875 0.9254079421875 0.7566763453124999 0.9898554953125 0.8197166234375001 1 0.8153167265624999 1 0.6860910078125
16 0.835864109375 0.6728848546874999 0.53877729375 0.72865938125 0.5445831203125 0.741110015625 0.8384942375 0.689517259375 0.835864109375 0.6728848546874999
10 0.6061678484375 0 0.5968421578124999 0.018549793749999998 0.5993146109375 0.0955240140625 0.6396633984375 0.14508724374999998 0.7016365234374999 0.1348742234375 0.7348107921875 0.07608318750000001 0.7284086359375 0.012115671875000001 0.7216814968749999 0 0.6061678484375 0
10 0.586986903125 0.10127251875000001 0.5629380421875 0.06973518437500001 0.5238191078125001 0.0622501984375 0.48860071875 0.08010521875 0.46176335156250004 0.1350291234375 0.50738684375 0.23964307499999998 0.5499590765625 0.251610865625 0.5823359109374999 0.234802953125 0.5894622593750001 0.2200205703125 0.6001034203125 0.151946775 0.586986903125 0.10127251875000001
10 0.640892921875 0.25544405000000003 0.6029783078125 0.223445521875 0.589079784375 0.21635776875 0.5509510343749999 0.2512623296875 0.5347313265625 0.2569514515625 0.5235253921874999 0.282929053125 0.5398023375000001 0.3299275078125 0.543478471875 0.37860434375 0.5937754203125001 0.397567053125 0.651413584375 0.37140970625 0.6578288453125001 0.2986290078125 0.640892921875 0.25544405000000003
10 0.283665259375 0.6209779531249999 0.206477203125 0.66815984375 0.32878935781249996 0.8240342265624999 0.333523665625 0.8155268093749999 0.397809946875 0.7883360625 0.283665259375 0.6209779531249999
10 0.2032325625 0.6596887046875 0.0714162515625 0.7174641640625 0.21511899843750001 0.8579692359375001 0.326304490625 0.8156221312499999 0.2032325625 0.6596887046875
10 0 0.47259515625 0.1933671234375 0.40145172812499996 0.0684883703125 0.22323554531249998 0 0.255437228125 0 0.47259515625
10 0.2781530578125 0.5998956859375 0.3215369265625 0.583584996875 0.18296535625000002 0.3897474359375 0.023821214062500002 0.4607506703125 0.190954715625 0.6594348765625 0.29149648125 0.6257140125 0.2781530578125 0.5998956859375
10 0 0.60302235625 0.055388710937499995 0.7208259734375 0.19624407500000002 0.6631327765624999 0.021161765625000002 0.464492171875 0 0.46934744375 0 0.60302235625
10 0.2707239640625 0.195378453125 0.2719884453125 0.16929754375 0.2219920546875 0.1502802 0.085722346875 0.23615806718750001 0.0959141625 0.2741071640625 0.27955142187500004 0.503186353125 0.40943415468750005 0.42591666874999995 0.2707239640625 0.195378453125