10 0.577407846875 0.31733809687500003 0.557471084375 0.36204866875 0.48000261718750004 0.3625396984375 0.371744325 0.6233039625 0.4372021109375 0.69403345625 0.41308781562499997 0.730563346875 0.7092384984375 0.7875669015625 0.8307389421875 0.44303988125 0.577407846875 0.31733809687500003
5 1 0.2904452921875 0.9629593468750001 0.2595062796875 0.67276165 0.237795084375 0.5913521734375 0.279441828125 0.649074984375 0.3492530390625 0.924957625 0.4029674984375 0.982306425 0.38068874375 1 0.3804934328125 1 0.2904452921875
16 0.8597398421875001 0.3847562640625 0.6891062859375 0.6342669125 0.7020155531250001 0.6389655000000001 0.8733605093750001 0.39465736875 0.8597398421875001 0.3847562640625
10 0.22035643437500002 0 0.20880835625 0.032963871875 0.22804104062500002 0.091085546875 0.28421832343750003 0.143766253125 0.34779571875 0.15028184687499999 0.384395640625 0.09923853437499999 0.36628185 0.03420924375 0.3244634140625 0 0.22035643437500002 0
10 0.2795661234375 0.1565480640625 0.240260746875 0.15125291406250002 0.2073068 0.17362149375 0.19502904375000002 0.21115006093750002 0.214889225 0.2689640125 0.321123140625 0.310676565625 0.359688759375 0.28903595625 0.3706976515625 0.2542570890625 0.3652840171875 0.2387652765625 0.3246730125 0.1831053984375 0.2795661234375 0.1565480640625
10 0.42669916875 0.2274464890625 0.3772631125 0.2316297921875 0.362423575 0.23644573593749998 0.360143728125 0.288088084375 0.3526974796875 0.3035799671875 0.363142625 0.329872696875 0.40788509062499995 0.351596084375 0.4449042296875 0.3834163859375 0.4938782046875 0.3612597328125 0.516138503125 0.302007359375 0.469211053125 0.24600735937499998 0.42669916875 0.2274464890625
10 0.43257256875000005 0.7385160921875 0.41135500468749997 0.8264589250000001 0.6080625921875 0.8501910046875001 0.6053946015625 0.8408276921875 0.6316251046875 0.7761436640625 0.43257256875000005 0.7385160921875
10 0.4030706984375 0.8227632328125001 0.3507159109375 0.9568248593750001 0.5516811859375 0.9545637625 0.600357278125 0.845999821875 0.4030706984375 0.8227632328125001
10 0 0.8484147906249999 0.1040400265625 0.8840122484374999 0.2134936625 0.647138034375 0 0.609568278125 0 0.8484147906249999
10 0.4137674390625 0.7275063937499999 0.43291106875 0.6852959671875001 0.19786231875 0.646217009375 0.13553728437499998 0.8089557812500001 0.39420946562500003 0.8312654984375 0.441458978125 0.7363274828125 0.4137674390625 0.7275063937499999
10 0.1363024109375 0.8134819375 0.1004185625 0.8707346781249999 0.0962915578125 0.88207353125 0.3417598859375 0.9705352015625 0.40056441875 0.830140165625 0.1363024109375 0.8134819375
10 0.12247739843750001 0.446722678125 0.10492953437500001 0.4273865671875 0.056129454687500004 0.4492920625 0.0204970421875 0.6063741171875 0.054537807812500005 0.6260014796875 0.3463724078125 0.6581337765625 0.3835754515625 0.5116548984375 0.12247739843750001 0.446722678125