16 0.6924617703125 0.24924981562499998 0.26961498125 0.15875143593750002 0.26094814843749997 0.203338428125 0.6967528875 0.28282819843749996 0.6924617703125 0.24924981562499998
6 0.8918502828125 0.0681930578125 0.82245080625 0.0547031671875 0.8532551875 0.2450315296875 0.7405015921875 0.0373904265625 0.6835331078125 0.047540453125 0.824249915625 0.3199722546875 0.9247154999999999 0.348788165625 0.8918502828125 0.0681930578125
15 0.59850241875 0.1888173828125 0.6869175453125 0.0729064390625 0.6705911265625 0.0238012078125 0.55213285625 0.050701421875 0.59850241875 0.1888173828125
9 0.22094936718749997 0 0.11172180937500001 0.0952686203125 0.19682833125000002 0.146099890625 0.4797663015625 0.0018413375 0.47715134062500003 0 0.22094936718749997 0
15 0.5327846 0.1674451046875 0.5567000921874999 0.07853063437499999 0.525077375 0.0517362578125 0.439190909375 0.029980068749999998 0.38812379375 0.062623546875 0.3600196390625 0.1458416890625 0.4419803390625 0.186448303125 0.5327846 0.1674451046875
10 0.9225058921875 0.3203973625 0.498681584375 0.2518060484375 0.4627694125 0.43564877968750004 0.8823088828125 0.5310852078125 0.8854662296875 0.5406321953125001 0.9225058921875 0.3203973625
10 0.3979473265625 0.46241259843750004 0.44120561093750005 0.40846774375 0.44740709531249995 0.3252746390625 0.4408554984375 0.295832090625 0.3517525546875 0.22278322187500002 0.20790337499999997 0.17551516250000002 0.10209047812500001 0.2169134609375 0.037508734375000005 0.2588897671875 0.028153190625 0.323999871875 0.0883085578125 0.40799943125000004 0.229794940625 0.4689871671875 0.3979473265625 0.46241259843750004
10 0.487313628125 0.49074719531250005 0.45348509375 0.42641229531249997 0.3750801 0.3405226515625 0.2134610109375 0.3045743484375 0.079844921875 0.3357947203125 0.0484607140625 0.4213734984375 0.0830983578125 0.519412621875 0.2477526390625 0.6004566796875 0.4311953234375 0.5789499484375 0.487313628125 0.49074719531250005
10 0 0.497981734375 0.074538784375 0.659769728125 0.1967651140625 0.6732492046874999 0.45581417343749997 0.6155494890625001 0.4561023796875 0.5526288484374999 0.3804754140625 0.41861841718750004 0 0.48322448281249997 0 0.497981734375
10 0 0.6600357375 0.05781451875 0.7257658046875 0.1530251046875 0.7448772328125 0.2468963765625 0.72828329375 0.258690559375 0.669790009375 0.2390608609375 0.6469180171875 0.23480517031249998 0.6443674109375 0.23584980625 0.6427762609375 0.18197334062499998 0.5999891265625 0.06915046875 0.5925869359375 0 0.6566155 0 0.6600357375
10 0 0.7828412890625 0.025797435937500002 0.8071798812500001 0.15812795156249998 0.832552928125 0.20366387812500003 0.80690350625 0.21338289062500002 0.7582857640625 0.20158855468749998 0.703361534375 0.0859242171875 0.6638714734375 0.0043019703125 0.6747771703125001 0 0.6851410921875 0 0.7828412890625
12 0.125114209375 0.67316068125 0.146211928125 0.6962283171875 0.3344135015625 0.7223715453125 0.3483095578125 0.749459715625 0.4103463328125 0.7372069375 0.4126523390625 0.6794378875 0.3671062390625 0.6572697187500001 0.332313540625 0.69145239375 0.15040736875 0.656456978125 0.125114209375 0.67316068125
12 0.3489552796875 0.8728330828124999 0.35786861875 0.8345076296875 0.30688981718749997 0.81042411875 0.23823047812499998 0.7995286046875 0.1575099640625 0.7934276890625 0.069855896875 0.7842934171875 0.075327059375 0.81569316875 0.21308229218750002 0.840076221875 0.28248468125000004 0.8859615578125 0.3489552796875 0.8728330828124999
10 0.42917320625000005 0.6235820390625 0.47864496093750003 0.7069261124999999 0.6744186125 0.7672288218750001 0.795583625 0.748447075 0.8598060203125 0.673406396875 0.8791071578125 0.6364579906250001 0.857200434375 0.5518948296875 0.7936063515625 0.48722281718750005 0.6129808531250001 0.4502949640625 0.49382397187500005 0.46136479062499997 0.4457653546875 0.523163446875 0.42917320625000005 0.6235820390625
10 0.7820754859375 1 0.8062251437500001 0.8999494046875001 0.8290046546875001 0.822226225 0.7235296 0.749304778125 0.535898890625 0.718442321875 0.4590036921875 0.7320563499999999 0.3817485546875 0.8088509281249999 0.3708085578125 0.8852115171875001 0.3969148828125 0.9300183140625 0.499382165625 1 0.7820754859375 1
10 0.23511386562499997 0.7145478546875 0.249462340625 0.7570597125 0.3390568 0.7832383953125001 0.42622685625 0.79944596875 0.47067521093750003 0.772480290625 0.48286616562500007 0.7223127593750001 0.45063714218750006 0.6636808375000001 0.3631665234375 0.6277399453125 0.278342 0.630166446875 0.241411971875 0.6710160640625 0.23511386562499997 0.7145478546875
10 0.3990244765625 0.818332940625 0.3671900125 0.777932253125 0.2585086171875 0.761518884375 0.15480629375 0.8013349203125 0.1589716984375 0.8883043 0.2546243625 0.9283852828124999 0.386689109375 0.914385209375 0.42220624687499997 0.8571603109374999 0.3990244765625 0.818332940625