16 0.7042122171874999 0.710172928125 0.27144711250000003 0.80482364375 0.2816647296875 0.8490810062499999 0.7010955828125 0.743880615625 0.7042122171874999 0.710172928125
6 0.8303352703125 0.6686019187500001 0.6992119140625 0.9457787062499999 0.7564999265625 0.9539343796875001 0.861938265625 0.742484721875 0.8377950140625 0.9337721999999999 0.9066814234375 0.91786851875 0.9297339906250001 0.6362973625 0.8303352703125 0.6686019187500001
15 0.5677813921875 0.9472054671875 0.6871063046875 0.969955159375 0.7017090296874999 0.920310059375 0.60930253125 0.8075553687499999 0.5677813921875 0.9472054671875
9 0.49526541562500004 1 0.49716411406249994 0.9985613421874999 0.2093639515625 0.8642650609375 0.126083259375 0.9180355421874999 0.2269583453125 1 0.49526541562500004 1
15 0.3724648578125 0.8588278109375 0.40345616250000005 0.9410144390624999 0.45563141093750004 0.9718558156249999 0.5407062765624999 0.947115484375 0.571374621875 0.9192338124999999 0.5443706265625 0.8312081453125 0.45295847968749997 0.8153855468750001 0.3724648578125 0.8588278109375
10 0.50734423125 0.7480887703125 0.9285165546874999 0.6647479859375001 0.8838133703125 0.4459399796875 0.8809911328125001 0.455591340625 0.4650379171875 0.5656113484375 0.50734423125 0.7480887703125
10 0.45353696093750007 0.6764543890625 0.44443585625 0.5935283921875001 0.3993212765625 0.541126090625 0.2310418734375 0.5404239625 0.091770121875 0.6063123484374999 0.0345829421875 0.6923601296874999 0.046205096875000004 0.75710406875 0.1122124515625 0.7968009328125001 0.21940567031249997 0.8344811953125 0.36151758906250003 0.7822216671875 0.448016884375 0.7061076500000001 0.45353696093750007 0.6764543890625
10 0.48764427499999996 0.5096899171875 0.428481925 0.42349939374999995 0.24440041406250002 0.408407821875 0.0826748328125 0.4951488609375 0.0514798046875 0.594337096875 0.08583155 0.6787684515625 0.2204558203125 0.7053066703125 0.3807218765625 0.663739840625 0.456081603125 0.5751662234375 0.48764427499999996 0.5096899171875
10 0 0.534095703125 0.3833884015625 0.5855033546875 0.4542924015625 0.44893521718749996 0.4518084703125 0.3860629625 0.1909035265625 0.33743907812499996 0.06922207968750001 0.35517598125 0 0.52036170625 0 0.534095703125
10 0 0.3653843109375 0.0661816921875 0.42250589843749997 0.178677503125 0.41117075468750003 0.2310279 0.3665294234375 0.2299283703125 0.3649757 0.23409245312500002 0.362278125 0.2529119734375 0.338735 0.2390835890625 0.280688959375 0.1446903796875 0.2673811890625 0.0502047734375 0.2898037765625 0 0.351067709375 0 0.3653843109375
10 0 0.34277583749999996 0.080457428125 0.3506793890625 0.1946731234375 0.3071767578125 0.20454344687499998 0.25187436875 0.19313361874999999 0.2036254328125 0.14673028125 0.17958081718750002 0.015365884375 0.20955667500000003 0 0.22510237656249998 0 0.34277583749999996
12 0.119299359375 0.34002812968749996 0.1451600609375 0.3558389375 0.3257340984375 0.31451640625 0.361698559375 0.3474640109375 0.4064432578125 0.323719809375 0.4021225453125 0.2660664296875 0.3396959453125 0.25598616875 0.3267537171875 0.283542803125 0.13957917656250002 0.3162382453125 0.119299359375 0.34002812968749996
12 0.33603560625 0.132665421875 0.269147321875 0.121864734375 0.20138858593750003 0.1701442265625 0.0645682265625 0.19932001562499999 0.060196231249999996 0.23089157968750001 0.14747812031250002 0.21870378906250001 0.22793654375 0.20978948437499997 0.29617380937500004 0.19650443125 0.346281053125 0.1706564578125 0.33603560625 0.132665421875
10 0.6649862093750001 0.22684684531250002 0.4714363515625 0.29394522031250003 0.4249034015625 0.3789650625 0.44499000000000005 0.4787434265625 0.4951760828125 0.5388272140625 0.6146467078125 0.5457317828125 0.7938734125 0.5025226843749999 0.8551717328124999 0.4356706671875 0.8741139 0.3503944875 0.8535350390625001 0.3141421890625 0.7867328859375 0.24138855312500002 0.6649862093750001 0.22684684531250002
10 0.482376275 0 0.38197025625 0.073841259375 0.35744356875 0.119531859375 0.3710418484375 0.19546413125 0.450930015625 0.2695157625 0.5282534953125 0.2804378953125 0.7146928203125 0.2430460203125 0.8175587015625 0.1664879703125 0.792080565625 0.08960713125 0.767112084375 0 0.482376275 0
10 0.24064370624999998 0.2518405203125 0.227787615625 0.29482723437499997 0.23560112187499999 0.33811270625 0.273934284375 0.3776486 0.35879181875 0.377113290625 0.444954834375 0.3381416109375 0.47511799843749997 0.2784206296875 0.4611836484375 0.22870911718750003 0.4158212828125 0.20331109062500002 0.329269965625 0.2225509828125 0.24064370624999998 0.2518405203125
10 0.409788921875 0.145772225 0.3722963 0.08982171562499999 0.23982340781249997 0.0804391640625 0.14562781875 0.12383396093750001 0.1445001390625 0.21089573125 0.24952885 0.24706835468750002 0.3575712203125 0.2268720578125 0.3879763296875 0.1853849734375 0.409788921875 0.145772225