16 0.15797084687500001 0.332160984375 0.5865379046875 0.2200241421875 0.56845799375 0.19140529687500002 0.1469823890625 0.288088684375 0.15797084687500001 0.332160984375
6 0.4927161015625 0 0.4751198171875 0.012367946874999999 0.7177872109375001 0.19980551562499999 0.8210180828125001 0.1834630109375 0.7077955421875 0 0.6311242671875 0 0.7124035953125001 0.119627996875 0.5507184390625001 0 0.4927161015625 0
15 0.44861562031249996 0 0.3573666296875 0.070764903125 0.4577620515625 0.17634385 0.4889072875 0.0339270125 0.4568343796875 0 0.44861562031249996 0
9 0 0.2996326734375 0.0756685078125 0.307383459375 0.27113109375 0.05706605625 0.23694321718750003 0.050944573437499995 0.06550582656250001 0.097725059375 0 0.245512815625 0 0.2996326734375
15 0.3332833765625 0.0831369234375 0.246249240625 0.0997163078125 0.2137624453125 0.1508832421875 0.22346093906250003 0.23818182187499998 0.31490365625 0.24034582499999999 0.3891691671875 0.1847475375 0.3732670859375 0.09405653750000001 0.3332833765625 0.0831369234375
10 0.439061628125 0.4574123140625 0.8596266953124999 0.36660205 0.866522953125 0.3739202078125 0.8070170265625001 0.158666025 0.3939138125 0.275617075 0.439061628125 0.4574123140625
10 0 0.5410382453125 0.0879997203125 0.590607490625 0.2420044609375 0.5860864203125 0.3916237453125 0.50906356875 0.408030984375 0.4418911859375 0.3784925125 0.3638717671875 0.36011178906249997 0.33995657968750004 0.2484853140625 0.3114083515625 0.0981373375 0.3293622328125 0.0197339609375 0.41160029531250003 0 0.4432091265625 0 0.5410382453125
10 0.31938608125 0.40825786875 0.157717034375 0.44398081874999995 0.04981403125 0.528744684375 0.057537434374999995 0.6195689375 0.130362925 0.6937840578125 0.3138410796875 0.6976490125 0.4710074765625 0.600631065625 0.4845918375 0.496975603125 0.4267436703125 0.4529649390625 0.31938608125 0.40825786875
10 0.2983941390625 0.7851697046874999 0.508787365625 0.6233971390625 0.4824571578125 0.5662498703125001 0.35728059375 0.4767565109375 0.034494118750000004 0.69974063125 0.18192279218750002 0.824608228125 0.2983941390625 0.7851697046874999
10 0.320938478125 0.7410339328125 0.25402719375 0.7250247984375 0.14864664375 0.765997140625 0.112180809375 0.8553430625 0.19465660625 0.8914889671875 0.289023540625 0.8685720703124999 0.3670869046875 0.8138611390625 0.3530557328125 0.7558637828125 0.3255990625 0.7434305890624999 0.320664165625 0.7429174875 0.320938478125 0.7410339328125
10 0.1939749703125 0.8235139796875 0.12460903906250001 0.8678929500000001 0.12834895156249998 0.955048303125 0.2000463515625 0.9788061812500001 0.33070164062499996 0.9458766796875 0.361131290625 0.90338609375 0.34939296249999996 0.8552160234375 0.31549168125 0.81042226875 0.1939749703125 0.8235139796875
12 0.4439059421875 0.771516940625 0.46794800312499996 0.790194434375 0.5189941671875 0.752871771875 0.4966698640625 0.699540671875 0.4460224046875 0.6986981015625 0.42893573281249997 0.74438215625 0.24928305156250002 0.7895424078125 0.23341895468749999 0.8153704546875 0.2622887859375 0.8273605515625 0.4439059421875 0.771516940625
12 0.45617363906249997 0.8629516859375 0.3893425015625 0.8820936875 0.3136065125 0.9106783421875001 0.2303046390625 0.9394440906250001 0.2485333046875 0.9655897171875001 0.38368666875 0.9294703906249999 0.465978575 0.9417259109374999 0.5206730640624999 0.9017357828125 0.51255425625 0.8632341859375 0.45617363906249997 0.8629516859375
10 0.7710127265625 0.668479071875 0.8728880109375 0.60025048125 0.8993797078125001 0.5050989734375 0.9012574078125001 0.46345533124999994 0.8456652375000001 0.39607326249999997 0.760697853125 0.364336534375 0.5813891703125 0.40720416718749997 0.47807467187499997 0.46759471093749994 0.4606360140625 0.5439137625 0.48803715312499996 0.6419360609375 0.568096515625 0.6965637765625 0.7710127265625 0.668479071875
10 0.7198579328125 0.9549118 0.8518988828125 0.9275685687499999 0.9679693453124999 0.8389541234375001 0.946560153125 0.733060921875 0.9343581671875001 0.6529927609375 0.8079473703125 0.6314791703125 0.624853159375 0.68280445 0.5609159781249999 0.7276402656250001 0.5233538359375001 0.829889221875 0.5457102109374999 0.9037188609375001 0.5883067484375 0.9332946 0.7198579328125 0.9549118
10 0.47383764375000004 0.8247186984375 0.559690159375 0.8025680921875 0.5885778609375001 0.7593441999999999 0.578424903125 0.70872485625 0.52443656875 0.6692068640625 0.4299719875 0.6736000328125 0.354120346875 0.7116475828125 0.33791416875 0.7642772140625 0.3506034765625 0.806392109375 0.381573896875 0.838857009375 0.47383764375000004 0.8247186984375
10 0.39165713593749996 0.8390752687499999 0.3144978953125 0.9189873499999999 0.35502788281250003 0.9960479984375 0.4586575921875 0.9919491421875 0.5724322140625 0.92344779375 0.5804373859374999 0.85657423125 0.5430184109375 0.8311817234375001 0.49709252031249995 0.8080200921875 0.39165713593749996 0.8390752687499999