8 0.2171875 0.43515625 0.434375 0.7671875
8 0.0925036546875 0.815206203125 0.24977870625 0.8319990468749999 0.56008083125 0.20537127968750002 0.44599697968749996 0.1331586796875 0.0925036546875 0.815206203125
8 0.4265625 0.60625 0.3296875 0.4859375
10 0.54375 0.77421875 0.45625 0.4515625
3 0.57734375 0.8421875 0.2734375 0.315625
3 0.49375 0.775 0.2625 0.36875
5 0.71328125 0.7953125 0.2109375 0.340625
8 0.7919438359375001 0.689375696875 0.7570339500000001 0.7576178734375 0.71263545 0.872873971875 0.7365212109375 0.9679618703124999 0.8330989000000001 0.9434549375 0.88685176875 0.8074772546875 0.8530652968749999 0.7101715171875 0.7919438359375001 0.689375696875
10 1 0.480437578125 0.9305322640625 0.2505246109375 0.6416256328125 0.41594373124999995 0.7488334171875 0.67229683125 1 0.49286216562499996 1 0.480437578125
10 0.8080238015625 0.10087707500000001 0.7333199109375 0.0574967546875 0.60797475 0.0525536984375 0.5172857843750001 0.1906710421875 0.5023308109375 0.32440514375 0.62007936875 0.4115145171875 0.7694401625 0.3731144984375 0.8328067609375 0.27585449687499997 0.8394582234374999 0.1753746625 0.8080238015625 0.10087707500000001
10 0.74963049375 0.22343652343749998 0.7464425328125001 0.2290118515625 0.6904303734374999 0.186505490625 0.61526945625 0.21336997968750002 0.5621106250000001 0.3080303828125 0.6101724328125 0.3566939140625 0.68444606875 0.376279875 0.746655778125 0.2989501265625 0.7498625515625 0.22022022031250002 0.74963049375 0.22343652343749998
10 0.68794219375 0.0500730171875 0.5880533078125 0.0842280625 0.5334091875 0.23570006718749997 0.55415696875 0.28496215468749997 0.7006838125 0.1985825578125 0.7324855218749999 0.1102688921875 0.68794219375 0.0500730171875
4 0.799759671875 0.714292509375 0.8286632796875001 0.711016153125 0.8627765390625 0.602184378125 0.8361846234374999 0.600554978125 0.799759671875 0.714292509375