8 0.740625 0.33046875 0.51875 0.6609375
8 0.47934039375 0 0.38544070625 0.100362375 0.6991434109375 0.725294675 0.8254723343749999 0.6776418875 0.500755934375 0 0.47934039375 0
8 0.459375 0.37734375 0.3359375 0.484375
10 0.22421875 0.3421875 0.4484375 0.540625
3 0.1625 0.34375 0.2765625 0.3578125
3 0.284375 0.3296875 0.2671875 0.3671875
5 0.1359375 0.49296875 0.215625 0.3390625
8 0 0.5885252171875 0.0216245390625 0.6239091296875 0.1196695640625 0.6554861078124999 0.17306165625 0.619187575 0.139570325 0.5502381328125 0.074242396875 0.4454170640625 0 0.41405699843750005 0 0.5885252171875
10 0.44013912031249997 0.9939763921875 0.4818978875 0.6636935859374999 0.21264594374999998 0.5950363828125 0.20469648125 0.907406746875 0.44013912031249997 0.9939763921875
10 0.633380390625 0.9861969187499999 0.7129833765625 0.9526426671875001 0.7923656796875 0.8555123765625 0.7366382453125 0.6999638546875 0.638833571875 0.6075370906249999 0.49840208124999996 0.6491515406249999 0.43918212968750003 0.7915460828125 0.47872244999999997 0.900685428125 0.5549662640624999 0.9664677953125 0.633380390625 0.9861969187499999
10 0.5706420328124999 0.8658038328125001 0.5681079390625 0.8599024953125 0.6357639890625 0.8407501640625 0.659542021875 0.7645565328124999 0.6159346453125 0.66513395 0.548145903125 0.674231371875 0.48780487031249997 0.7217618109374999 0.512124415625 0.8179828984374999 0.5730710296875 0.8679247796875 0.5706420328124999 0.8658038328125001
10 0.7462212296875 0.9208701265625001 0.77905843125 0.8205402968750001 0.6909731609375 0.6857414328125 0.6391443812500001 0.672664684375 0.6199481390625 0.8416707640625001 0.671339821875 0.9202172281250001 0.7462212296875 0.9208701265625001
4 0.14845851875 0.6104342671875 0.13368050781250002 0.635489475 0.20006755625 0.7282301312499999 0.21737226718749997 0.70797348125 0.14845851875 0.6104342671875