8 0.1859375 0.39375 0.26875 0.7625
8 0.26981135156249997 0.7906923921875 0.40471716718749995 0.785196371875 0.4493015265625 0.08736974374999999 0.3047009140625 0.0232752484375 0.26981135156249997 0.7906923921875
8 0.48984375 0.37109375 0.1671875 0.4828125
10 0.69765625 0.2453125 0.3125 0.4828125
3 0.74921875 0.22421875 0.165625 0.3375
3 0.63203125 0.25859375 0.1453125 0.3578125
5 0.83203125 0.35078125 0.0890625 0.35
8 1 0.27257421718749997 0.9388143124999999 0.2129937375 0.8705846875000001 0.28339939375 0.8514068671875 0.40541335156249997 0.8475186265625 0.481967753125 0.910849275 0.4945187765625 0.9887620859374999 0.427142771875 1 0.3513217171875 1 0.27257421718749997
10 0.9310148203124999 0.759635609375 0.8016444765624999 0.47520327656249994 0.5806232609374999 0.64360768125 0.7481141828125 0.9313181578125 0.9310148203124999 0.759635609375
10 0.5671949749999999 0.99966249375 0.6316667765624999 0.9508629000000001 0.6761463578125 0.8605190796875 0.6698992734375 0.7446061484375 0.5597490421875 0.6366703609375 0.41422111250000004 0.6532350124999999 0.36030544999999997 0.7765296265625 0.369785725 0.9414872390625 0.4808093484375 0.9998790078124999 0.5671949749999999 0.99966249375
10 0.5779046109375 0.8643262437500001 0.5764974265625 0.867227671875 0.6130852328125 0.7974421875 0.59787491875 0.69936780625 0.5237590828124999 0.6791929265625 0.45780457031250005 0.697305878125 0.4565112671875 0.8058636078125 0.5081702859375 0.8667093953125 0.57793141875 0.8579038859375 0.5779046109375 0.8643262437500001
10 0.4393823890625 0.713306721875 0.3967832390625 0.74559505 0.36837043281250004 0.9040957140625 0.4377992234375 0.98361929375 0.5064728140625 0.9537597999999999 0.523088559375 0.8613770687500001 0.4393823890625 0.713306721875
4 0.8414219140625001 0.5810091468749999 0.8652658875 0.5928940015624999 0.8901388265625 0.48158629218750004 0.8667457453124999 0.464297078125 0.8414219140625001 0.5810091468749999