10 0.3834312078125 0.5500783859375 0.49034218125000006 0.5300143 0.5558081921875 0.4638837359375 0.51207015 0.361428671875 0.3741120359375 0.3368281328125 0.2847394578125 0.388624340625 0.2744934 0.48198800625000005 0.328723659375 0.5298028515625 0.3834312078125 0.5500783859375
10 0.7263618015625 0.5487603437499999 0.7127200640625 0.46599712968749996 0.6001262046875 0.4387625203125 0.5204243140625 0.48154344531250004 0.5170144359375 0.5459187812499999 0.5801090484375 0.5841069109375 0.665809240625 0.600950240625 0.7263618015625 0.5487603437499999
10 0.5637500890625 0.792541478125 0.6882496015624999 0.7048218515625 0.6609085109375 0.5836895578125 0.5509359015624999 0.5286628828125 0.4367470546875 0.5316864140625001 0.3450875828125 0.605676875 0.351974828125 0.7139134078125 0.48001632968749997 0.791861221875 0.5637500890625 0.792541478125
10 0.6631723953125 0.9109979640624999 0.7508538078125 0.8912434703125 0.7995292843749999 0.783094009375 0.70392675 0.704193109375 0.647710103125 0.6990703453125 0.5621375296875 0.7747869875 0.5881518796874999 0.86020023125 0.6631723953125 0.9109979640624999
10 0.7730199828125001 0.6055388109375001 0.89088840625 0.58494876875 0.9127657031249999 0.49032433906249995 0.8556447046875 0.4488657640625 0.736668621875 0.446945490625 0.7061179109375 0.48714915156250005 0.7165002203124999 0.5650423265625 0.7730199828125001 0.6055388109375001
10 0.5198261515625 0.531540646875 0.6474509359375 0.599993003125 0.6763247015625 0.602012053125 0.725223925 0.5646795546875001 0.7113191249999999 0.47968948281249996 0.647547828125 0.4471832203125 0.5501564953125 0.4628409828125 0.5198261515625 0.531540646875
10 0.3225059078125 0.5402458578125 0.431956953125 0.5495930203125 0.5174070671875 0.5136092078125001 0.54677809375 0.42170637187500004 0.48362261249999994 0.34984501562500003 0.3681697671875 0.3413849953125 0.2872426671875 0.39246452187499997 0.282013965625 0.4672384375 0.3225059078125 0.5402458578125
10 0.34224395625000004 0.34226191875 0.3913309625 0.3223532234375 0.429343946875 0.2535637359375 0.39294703124999997 0.2174865234375 0.3080329359375 0.24162918281249998 0.254059109375 0.24329323593750002 0.26336087343750003 0.31707903125 0.34224395625000004 0.34226191875
10 0.46274743437500004 0.2456383171875 0.3950541328125 0.2752631203125 0.3904478578125 0.3277297375 0.3979005515625 0.34103785000000003 0.5240670187500001 0.374564403125 0.5729433312500001 0.3276279171875 0.5466435703125 0.25341533125 0.46274743437500004 0.2456383171875
10 0.7176059859375 0.3584653984375 0.7934087921875 0.28473532968750004 0.7589115859375 0.2048980265625 0.6648640703125 0.19757147656250001 0.5768429375 0.232631259375 0.578411503125 0.3089880640625 0.6083060687499999 0.335199096875 0.7176059859375 0.3584653984375
10 0.8352583062500001 0.44524849375000003 0.9565258468750001 0.42890451875 0.9569578125 0.3461358953125 0.87772183125 0.27402325 0.7923531734375 0.290381071875 0.7193995671875 0.354793403125 0.7401143671875 0.41942665312500005 0.8352583062500001 0.44524849375000003
10 0 0.7061358359375001 0.07477900781249999 0.7212441468749999 0.1751681546875 0.6298594875 0.177298865625 0.5993889078125 0.10023089062499999 0.5738524093749999 0.0160871171875 0.567968503125 0 0.6218477796874999 0 0.7061358359375001
10 0 0.54577626875 0.0875961953125 0.5972887546875 0.2520761828125 0.560982765625 0.257540109375 0.43031895000000003 0.171089846875 0.3734657828125 0.0324214265625 0.39734225625 0 0.49580629531250003 0 0.54577626875