10 0.5586443437499999 0.5313014328125 0.6270489390625 0.443376078125 0.581681634375 0.31078861562500004 0.493050965625 0.257732896875 0.40642587499999994 0.29403509687499996 0.3908974203125 0.364647046875 0.399686784375 0.42232512031249997 0.469066696875 0.506104303125 0.5586443437499999 0.5313014328125
10 0.6021016546875 0.5578838328125 0.5260443703125001 0.5089155921875 0.4680872921875 0.537143028125 0.46527607499999996 0.6108407921875 0.49209284531249997 0.6939616765625 0.5670956203124999 0.7216199765625 0.6328683140625 0.6695642421875 0.6021016546875 0.5578838328125
10 0.5048134578125001 0.6813072578125 0.4996250921875 0.558445584375 0.4416208015625 0.46003960624999995 0.3324698921875 0.41574371250000003 0.241143090625 0.4742415453125 0.23504414843750002 0.6240190171875 0.275044115625 0.6975840078125 0.4121239890625 0.7639464140625 0.5048134578125001 0.6813072578125
10 0.3976150796875 0.8992209140625 0.4202743328125 0.7773531375 0.39750043125 0.7257013859375 0.28979075781249997 0.6875660828125 0.22769865781249998 0.7517279078125 0.219640628125 0.841969559375 0.2794270890625 0.90908028125 0.3976150796875 0.8992209140625
10 0.7085753078125 0.8563221640625001 0.717142984375 0.7862634984375 0.66114174375 0.6812737046875 0.6111675515625 0.674044571875 0.5480740875000001 0.7208885046875 0.540056390625 0.7899548875 0.6152085921875 0.883062684375 0.7085753078125 0.8563221640625001
10 0.49626215937499996 0.7036734828125 0.5526207125 0.728342553125 0.6202135234374999 0.6749771375 0.6177272031250001 0.6034421546875001 0.5568163609375001 0.525852809375 0.4820258375 0.5326315515625 0.48402978125 0.6774410640624999 0.49626215937499996 0.7036734828125
10 0.49653623125 0.5218224390625 0.5911556203125 0.5029555390625 0.62338859375 0.4128794328125 0.57481524375 0.3078006 0.49090584687499994 0.261784009375 0.42297218125 0.29346199687499996 0.3787493359375 0.3642717484375 0.42363704375 0.464531384375 0.49653623125 0.5218224390625
10 0.681283278125 0.3187281515625 0.69519154375 0.2694041125 0.6329087296875 0.2068411640625 0.605286284375 0.16044134062499998 0.545261359375 0.2043489109375 0.5614791875 0.285550515625 0.6026895765625 0.318831053125 0.681283278125 0.3187281515625
10 0.597559034375 0.32066525625 0.589532634375 0.33363543125 0.6213763671875 0.46023710624999997 0.6861236500000001 0.48023003124999997 0.7382810625 0.421248765625 0.7044093375 0.34410118125 0.6456805375 0.299257675 0.597559034375 0.32066525625
10 0.8836248296875 0.5833809 0.844437634375 0.49757310625000006 0.7711001640624999 0.437585409375 0.7050774546875 0.475975821875 0.6966459421875 0.5148295593750001 0.7292864265625 0.6217051484375 0.830522128125 0.6522587296875 0.8836248296875 0.5833809
10 0.856110121875 0.825069509375 0.8807668968750001 0.7208072546875 0.8250724765624999 0.654072575 0.733367571875 0.6214936296875 0.6868807921875 0.6709460234375 0.7104231984375 0.766679465625 0.7835096312500001 0.8648187296875 0.856110121875 0.825069509375
10 0.1003442796875 0.23535463124999997 0.22894072968749998 0.2788527953125 0.2566238875 0.2659439265625 0.2415953171875 0.18615841718749998 0.2059477859375 0.10971204062499999 0.14267486093749998 0.12359522812499998 0.0726829453125 0.14803743125 0.1003442796875 0.23535463124999997
10 0.44339753281250005 0.2541577578125 0.45121051406249996 0.15098369218750002 0.36309989531250003 0.041277103125 0.260137540625 0.06087119375 0.217665896875 0.0806591296875 0.21497200468750002 0.18647002968749998 0.3264674203125 0.3127259765625 0.44339753281250005 0.2541577578125