10 0.534146584375 0.557034634375 0.638065671875 0.516898865625 0.66746589375 0.3798833390625 0.618820296875 0.28875754374999996 0.5258710875 0.2752593828125 0.4761927609375 0.32778789218750004 0.45402031249999997 0.38175450781250003 0.4703410359375 0.4893005796875 0.534146584375 0.557034634375
10 0.5577058218750001 0.60220236875 0.5177325125000001 0.521055996875 0.45351539687500003 0.5154015281250001 0.413148559375 0.5771249593750001 0.393324596875 0.662185121875 0.4433694453125 0.724522196875 0.5265583328125001 0.7137771640625 0.5577058218750001 0.60220236875
10 0.410745796875 0.657889765625 0.469576940625 0.5499045515625001 0.470540384375 0.435679746875 0.399793865625 0.34149388125 0.29138290625 0.34459953125 0.2090139921875 0.46984269375 0.205411884375 0.5535017046874999 0.2887331046875 0.6809867453125 0.410745796875 0.657889765625
10 0.206625021875 0.78946698125 0.2888143390625 0.6966762859375 0.29589591406250004 0.6406726671875 0.2232118375 0.55250975 0.1369427359375 0.5755273734374999 0.0835577703125 0.6487293734375 0.10024019375 0.73704679375 0.206625021875 0.78946698125
10 0.4952644515625 0.9128519328125 0.5386912640625 0.8572126140625 0.5447625734375 0.7383760265625 0.505649609375 0.7064408375 0.427441546875 0.7140983890625 0.3849972203125 0.7691704140625 0.401461171875 0.88768561875 0.4952644515625 0.9128519328125
10 0.391896446875 0.6726571203125 0.42749964531250007 0.722829440625 0.5129232140625 0.711899221875 0.5476352609374999 0.649301225 0.5353859453125 0.551422771875 0.46778664531249997 0.518713321875 0.394921946875 0.6438714078125 0.391896446875 0.6726571203125
10 0.485791584375 0.516921509375 0.576613403125 0.54948200625 0.6506350765625 0.4888729234375 0.6631191890625 0.3737856578125 0.6148950953125001 0.2911252078125 0.5403492078125 0.28329011875 0.4659731140625 0.3212094734375 0.45281185781250005 0.4302676328125 0.485791584375 0.516921509375
10 0.748752003125 0.43798748906249996 0.786077471875 0.402871821875 0.7649129796875 0.3171668875 0.7651335984375 0.2631678671875 0.6910681249999999 0.2698888765625 0.6631475984375 0.3478450359375 0.681331053125 0.39759694375 0.748752003125 0.43798748906249996
10 0.675988634375 0.3965267390625 0.6624285328124999 0.40351044687500004 0.6245192578125 0.528429996875 0.6697213921875 0.5789145953125 0.74480661875 0.5552208375000001 0.7555068281249999 0.4716472234375 0.728262534375 0.4029612671875 0.675988634375 0.3965267390625
10 0.785886321875 0.769052775 0.7964906203125001 0.6753182421874999 0.7645240875 0.5861271609375 0.6881590546874999 0.5850299578125 0.660920684375 0.6139915609375 0.6338540421875 0.7224129125000001 0.7048937171875 0.8007426843750001 0.785886321875 0.769052775
10 0.637822778125 0.9620492265625 0.7126567890625 0.8853782078125001 0.6992882546875 0.799490675 0.63746120625 0.7243335515625 0.57214439375 0.742780065625 0.5430178078125001 0.8369648765625 0.55511965 0.9587289406249999 0.637822778125 0.9620492265625
10 0.30979535937499997 0 0.29373062656250004 0.06731673125 0.38155608750000003 0.170834003125 0.41193374374999997 0.1740268234375 0.4401443203125 0.0978970078125 0.4489612171875 0.0140098375 0.40739044375000005 0 0.30979535937499997 0
10 0.47087896406249996 0 0.4171631953125 0.08445209218750001 0.4477068 0.25009894374999997 0.57810033125 0.2601196421875 0.637935934375 0.17570619062499998 0.6189134640625 0.0362889671875 0.5205657984375 0.000054846875 0.520045603125 0 0.47087896406249996 0