10 1 0.43417374999999997 0.9507262624999999 0.25028165625 0.8562251515625 0.205195321875 0.7411288828125 0.236114340625 0.6962915046875 0.3555999828125 0.7719589265625 0.6021830390625 0.9091794015625 0.7122614328125 1 0.626715321875 1 0.43417374999999997
10 0.6425288218749999 0 0.582915296875 0.07110814062500001 0.6258680562500001 0.2803108203125 0.7228481734375001 0.3109891890625 0.8762225265625 0.2711793265625 0.9154332843749999 0.17429296249999998 0.8946540296875 0.0786086015625 0.83114439375 0 0.6425288218749999 0
10 0.59845566875 0.3442050484375 0.4424633671875 0.3653371546875 0.348179409375 0.5108796156250001 0.4008252296875 0.7893448843749999 0.611829034375 0.8516768562499999 0.7786403421875 0.696936665625 0.73357850625 0.48268517187500004 0.642059575 0.3751470890625 0.59845566875 0.3442050484375
10 0 0.565826246875 0.072705996875 0.8371687218750001 0.171004809375 0.8900429375 0.3453676765625 0.7708517203125 0.3637946984375 0.5700374 0.29812991875 0.4127663390625 0.1335475578125 0.30495909062500004 0.01560255625 0.32336493125 0 0.3512023796875 0 0.565826246875
10 0.273555290625 0.0804518546875 0.1705261859375 0.13084482656250002 0.112115021875 0.2589401234375 0.18937355 0.39752794687500004 0.3033328875 0.41454936875000004 0.387379725 0.345457125 0.3652494515625 0.161080909375 0.273555290625 0.0804518546875
10 0.386962690625 0.2829098546875 0.4332231828125 0.388220184375 0.5613623984375 0.3594993234375 0.632898109375 0.302924309375 0.5942398156250001 0.09243435 0.48441634218749996 0.032419437499999995 0.42628565937499996 0.07566984843749999 0.36593336875000004 0.1651745984375 0.386962690625 0.2829098546875
15 0.6366886765624999 0.1267120921875 0.6695607796874999 0.22823479687499998 0.8113128546875 0.18023936406250002 0.7658982078125 0.0831700171875 0.6366886765624999 0.1267120921875
15 0.7870983625 0.4081151421875 0.8113937140624999 0.5315739875000001 0.9981935484375001 0.523392034375 0.9618710796875 0.409733 0.7870983625 0.4081151421875
15 0.4607383109375 0.5528597203125 0.48073692343749996 0.6918892796875 0.65632664375 0.6576637953125 0.6235412828125 0.5408718 0.4607383109375 0.5528597203125
15 0.5444953671875 0.12660893906249998 0.47458410781250004 0.1426676203125 0.5196950984375001 0.284902346875 0.5970944 0.262660940625 0.548279403125 0.12675949375 0.5444953671875 0.12660893906249998
15 0.1649509796875 0.24014642187500002 0.2188402703125 0.3114757140625 0.31928586718749996 0.2207954078125 0.259352028125 0.1383771109375 0.1649509796875 0.24014642187500002
15 0.1790962140625 0.5219482078125 0.0127587046875 0.6134423859375 0.051012189062500005 0.7562063328125 0.22178758906249998 0.651950121875 0.1790962140625 0.5219482078125