10 0.48690703125 0 0.249151190625 0.01246025625 0.1716839921875 0.1764396546875 0.318778225 0.2729279859375 0.5766751671875 0.2686936265625 0.6764572531249999 0.1891276515625 0.670296284375 0.0701100921875 0.6037509453125 0 0.48690703125 0
10 0.72361870625 0 0.68138985625 0.0042504578125 0.6013622375 0.0714816375 0.610896090625 0.22965124062500003 0.67004145625 0.312404675 0.8822781624999999 0.28860799375 0.9528776609375 0.175735703125 0.9073957734375 0.066607271875 0.8846482234374999 0.0349346296875 0.7933333499999999 0 0.72361870625 0
10 0.2265975 0.2958540640625 0.1309783625 0.50231839375 0.2554633515625 0.6837332984375 0.5365680140625 0.6477519484375 0.645851775 0.5131074828125 0.6177453296875 0.35821980781249996 0.5748433515625 0.32631164375 0.44428765156249994 0.2725030640625 0.2265975 0.2958540640625
10 0.5130929515625 1 0.7420263734375 0.9880021078125001 0.8176769765625 0.9061061078125 0.7987349609375001 0.788246028125 0.6453454265625 0.665033171875 0.4754802265625 0.6511816859375 0.290188721875 0.7307618640625 0.23071222812499997 0.933422915625 0.3003215125 1 0.5130929515625 1
10 0.693445565625 0.7637577046875 0.849124615625 0.7944089375 0.9529004406249999 0.6992729953125 0.9689892609375 0.5857142093750001 0.8639714187499999 0.523423628125 0.6817805875 0.5593518703125 0.642041859375 0.6606358421875 0.693445565625 0.7637577046875
10 0.94951115625 0.3703306 0.8584962624999999 0.2844278984375 0.6463623453125 0.31270665000000003 0.6146620609375 0.39822379375 0.6269440937499999 0.5289666656249999 0.741395446875 0.540420325 0.859866746875 0.5240382046875001 0.926340940625 0.43898127656249997 0.94951115625 0.3703306
15 0.7060669046875 0.2547580484375 0.8127787734374999 0.2546490359375 0.81426180625 0.118308228125 0.7079094734375 0.10511241093749998 0.7060669046875 0.2547580484375
15 0.3737454046875 0.21360387812499998 0.49866941875000004 0.19855925000000002 0.44312300625 0.0328404625 0.32380258125 0.033418315625 0.3737454046875 0.21360387812499998
15 0.32345506875 0.5776173234375 0.46185994687500004 0.5536746359375 0.42295225312499996 0.3951353390625 0.3017452296875 0.40004531875 0.32345506875 0.5776173234375
15 0.8400536593749999 0.33874590000000004 0.6957190390625 0.334315934375 0.6984839046875 0.41480001718750004 0.8476972296874999 0.41375017343750004 0.8413661765624999 0.3422982078125 0.8400536593749999 0.33874590000000004
15 0.7661803843749999 0.709141584375 0.8506712796875 0.7383513828125 0.9182881171874999 0.617122203125 0.821383084375 0.5855903890625 0.7661803843749999 0.709141584375
15 0.5130929546874999 1 0.5426757203125 0.9984496328124999 0.5782907374999999 0.81198000625 0.44145920937499994 0.8115508968749999 0.39655201406249996 1 0.5130929546874999 1