10 0 0.585966034375 0.0708747640625 0.6683277484375 0.21884985625 0.5731958203125 0.3198777140625 0.335872971875 0.287775609375 0.21235510156249998 0.1765417671875 0.169574625 0.0778455390625 0.2045359171875 0 0.4073304796875 0 0.585966034375
10 0.1911305875 0 0.151555321875 0.0396644484375 0.1208881578125 0.132652615625 0.1497567328125 0.23310686875000003 0.298129621875 0.2887306328125 0.397785234375 0.26835750625 0.4623703296875 0.064790646875 0.41870994687499996 0 0.1911305875 0
10 0.2023005921875 0.6667319796875 0.3520233359375 0.8380610171875 0.5683867046875 0.798126409375 0.649851671875 0.5266895875000001 0.5712975421875 0.3720890671875 0.4183686890625 0.33476708906249997 0.371769325 0.36098177656249997 0.269510953125 0.458364421875 0.2023005921875 0.6667319796875
10 1 0.374910846875 0.8848323046875001 0.3443322546875 0.709882615625 0.434345384375 0.628138253125 0.583891059375 0.62547351875 0.7855314453125 0.7864223328125 0.922295603125 0.8897095140625 0.8799860609374999 1 0.5926695234375 1 0.374910846875
10 0.8196360531250001 0.43055860468749996 0.9109577218749999 0.3008056953125 0.8662561453125001 0.1673064890625 0.76905894375 0.1064201015625 0.6694390625 0.1770228109375 0.6281574578125 0.35807575156250004 0.704521771875 0.43557478749999995 0.8196360531250001 0.43055860468749996
10 0.5643737671875 0.036609828125 0.44887865156249995 0.08481629375000001 0.3884299390625 0.290112275 0.4536600703125 0.3538548828125 0.5780951796875 0.395812603125 0.6351101781249999 0.2959147140625 0.6683309859375 0.1810225859375 0.6176651046875 0.0856996203125 0.5643737671875 0.036609828125
15 0.359775290625 0.211999628125 0.40307932968750004 0.1144691453125 0.2791290078125 0.057659525 0.2238166375 0.1494499921875 0.359775290625 0.211999628125
15 0.187011753125 0.498851515625 0.22407897656250003 0.378608546875 0.05009456875 0.3619488171875 0.002090475 0.471188484375 0.187011753125 0.498851515625
15 0.499099659375 0.6928516296875 0.5335212640625 0.5566741140625 0.372863221875 0.52773431875 0.32804937500000003 0.6404595140625 0.499099659375 0.6928516296875
15 0.4909993328125 0.123757571875 0.4282461796875 0.25381197968749997 0.5028966203125 0.28402197500000004 0.5626280671874999 0.147281809375 0.4947783765625 0.12400338281250001 0.4909993328125 0.123757571875
15 0.7993256609375 0.341897665625 0.8603756828125 0.2765920859375 0.7771295609375 0.1655126828125 0.7089089875 0.24121469062499998 0.7993256609375 0.341897665625
15 0.760805221875 0.6801988390625 0.9197473531249999 0.8017348140625 0.9727141781249999 0.6637515203125 0.816851628125 0.555371553125 0.760805221875 0.6801988390625