10 0.5757656234375 0.2953006984375 0.543251009375 0.275421465625 0.053622984375 0.30871692500000003 0.0238794609375 0.35632951562500004 0.171849840625 0.567776125 0.2059763765625 0.58309810625 0.67332251875 0.5226203578125 0.680526834375 0.4935368578125 0.5757656234375 0.2953006984375
10 0.7342420140625 0.337884459375 0.7527739890625 0.33056836875 0.7749360000000001 0.303481165625 0.7449605312500001 0.25618902656250003 0.691173896875 0.22558276406250002 0.6173013187499999 0.22070024375 0.579343325 0.25158152500000003 0.5855493046875 0.2912443796875 0.6506085171875 0.3382789890625 0.701563575 0.3514971140625 0.7342420140625 0.337884459375
13 0.6624351328125 0.45283101718749996 0.7053003437500001 0.44587323437500004 0.71538466875 0.3900322296875 0.6751546562499999 0.34460333906249996 0.576852940625 0.32635122031249997 0.6624351328125 0.45283101718749996
10 1 0.13170248281250002 0.807674475 0.071514715625 0.7527193140625 0.07091362031250001 0.7328462859375 0.1026033671875 0.7030205203125 0.1135476625 0.70640614375 0.229059484375 0.772008215625 0.28098077187500003 0.7734986859374999 0.322742503125 0.74037324375 0.3444796734375 0.74692035 0.4763003375 1 0.5115765828125001 1 0.13170248281250002
13 0.13001946250000002 0 0.10138663125 0.0936537703125 0.1552463734375 0.1596875703125 0.2470231171875 0.23259314375 0.39998441093750003 0.2852589671875 0.5411724437500001 0.27649685625 0.58724155625 0.245734990625 0.62531654375 0.20780846249999999 0.6378616546875 0.1523892171875 0.56861250625 0.033509314062500004 0.5199031609375 0 0.13001946250000002 0
10 0.2359959875 0.2953114734375 0.2536545484375 0.2518180859375 0.2360806921875 0.215085578125 0.1598447796875 0.164634 0.09627596875 0.1593611015625 0.08377940625 0.16026122812500002 0.055848850000000005 0.244955675 0.09449909375 0.2850964078125 0.169010428125 0.307876809375 0.2359959875 0.2953114734375
10 0.6391041421875 0.7490024078124999 0.6528035765625 0.750830434375 0.589563725 0.5684576781249999 0.337205025 0.5705499296875 0.3900663953125 0.75075531875 0.6391041421875 0.7490024078124999
10 0.43806293749999997 0.8669242734375 0.48236501406250004 0.8486041453125001 0.49161710156250005 0.8055708359375 0.441798528125 0.7547696937499999 0.383818103125 0.7512054234375001 0.339324234375 0.74350315 0.3009403890625 0.7624525046875 0.2932128140625 0.814377971875 0.33778141562499997 0.8551477921874999 0.3790926046875 0.866597825 0.43806293749999997 0.8669242734375
10 0.8557611140624999 0.6866022328125 0.7812397515625 0.7771153421875 0.7864134203125 0.8601290390624999 0.8878739390625 0.941473321875 0.9678045234375 0.6665694046875 0.8557611140624999 0.6866022328125
10 0.859306734375 1 0.8544958703125 0.9505742390625 0.75330919375 0.8618097875 0.723504653125 0.852697625 0.5874044078125 0.818168625 0.4856859390625 0.8177547328125 0.3644032421875 0.8680077046875001 0.322560384375 0.9449080875 0.40855715625 0.990082775 0.440683565625 1 0.859306734375 1
10 0.365444775 0.7020758 0.380954253125 0.660636646875 0.346380734375 0.6004992359375 0.272199365625 0.5766395625 0.1944630203125 0.5977196921875 0.1827968953125 0.6425401578125001 0.23349674375 0.6899052890624999 0.314139275 0.7192808953125 0.365444775 0.7020758
10 0 0.862183878125 0.2241304265625 0.8404642843750001 0.260459684375 0.79492291875 0.057425220312500004 0.41302213125 0.009950579687499999 0.39272761875 0 0.4252744984375 0 0.862183878125