10 0.5821515328125 0.3391185671875 0.5527482546875 0.333356675 0.3004277875 0.731357121875 0.2998917203125 0.7687616171875 0.42899244375 0.9922295218749999 0.48471426093750003 0.9853946859375 0.721815940625 0.5557122624999999 0.7175405078125 0.5178426890625001 0.5821515328125 0.3391185671875
10 0.7603841109375 0.3425138671875 0.7459215296874999 0.3562176265625 0.71977376875 0.38008139375 0.710218921875 0.43184857968749996 0.72535154375 0.5106899359375 0.7586755359375 0.5330767109375001 0.8027052234375001 0.5117260796875 0.8295000578125 0.44271134375 0.824492578125 0.3810293328125 0.794299525 0.3338758109375 0.7603841109375 0.3425138671875
13 0.6358191843750001 0.33680965937499996 0.6113976703125 0.3727182484375 0.6898586984375 0.503734728125 0.714860759375 0.4069294375 0.690690140625 0.3512695859375 0.6358191843750001 0.33680965937499996
10 1 0.0654913015625 0.7057128968749999 0.026005003125 0.6258322374999999 0.28623007500000003 0.7425354046875 0.34787358749999997 0.7762353890625 0.3270382671875 0.8134544703125 0.3460383609375 0.8327865046875 0.42743691562499997 0.9360449421875 0.47932273593749997 0.95856875625 0.456916671875 0.9956881234375 0.4522982578125 1 0.4427810046875 1 0.0654913015625
13 0.9133794468750001 1 0.9429933671875 0.940586671875 0.9703739484374999 0.7457637171875 0.9517810390625 0.634963434375 0.8733052125 0.5219615734375 0.8177765265625 0.5099101203124999 0.7673122328125 0.528389334375 0.719962865625 0.557141603125 0.6523530546874999 0.6813983875 0.635440265625 0.8422859390624999 0.6627286265625 0.9562751437499999 0.683864140625 1 0.9133794468750001 1
10 0.6417411328125 1 0.660189009375 0.950017121875 0.6466830390625 0.8596021609375001 0.6208191140625 0.8281510093750001 0.5739378875 0.8257740015625 0.53424050625 0.8811731953124999 0.5233967109375001 0.9583308125000001 0.5394619234375 1 0.6417411328125 1
10 0.33724800625 0.25550740625 0.3331151296875 0.26869586875 0.226278553125 0.4936599046875 0.36725991874999997 0.617726665625 0.47580753906249995 0.3898962328125 0.33724800625 0.25550740625
10 0.17660448125 0.368656246875 0.14127794062500001 0.40106514375 0.1166518625 0.45464837812500003 0.1095702546875 0.496928025 0.1276847546875 0.5545509640625 0.178011025 0.5694920531250001 0.21140668749999997 0.54271281875 0.22322997656250002 0.4991325578125 0.24450323749999997 0.44507812343750003 0.21951600624999998 0.3784576703125 0.17660448125 0.368656246875
10 0.2731159109375 0 0.2946557890625 0.088224178125 0.3677052625 0.12799621875 0.4812320875 0.09870942187500001 0.5467395859375 0.0056298453125 0.5103215999999999 0 0.2731159109375 0
10 0.0689609 0 0.0171887484375 0.37575742968750003 0.0217871125 0.4727886234375 0.10916608593749999 0.46736562031249995 0.20596702812499998 0.378683990625 0.248579996875 0.2863208328125 0.27480454375 0.148379534375 0.27914206406250003 0.11751648125 0.24487053125 0 0.0689609 0
10 0.22271588125 0.5757749109375 0.21525821562499997 0.6612765328125 0.2367589203125 0.72724356875 0.282310375 0.7356124171875 0.33426825937500004 0.6740682109375 0.343994453125 0.596753525 0.30410285 0.54000410625 0.2599916328125 0.536547525 0.22271588125 0.5757749109375
10 0 0.93464336875 0.3901179609375 0.9894708734375 0.3917885359375 0.9378674046875 0.13147495 0.5924574421875 0.0748470484375 0.60613631875 0 0.7330239578125 0 0.93464336875