10 0.6799411734375 0.5159023296874999 0.67426884375 0.4864816421875 0.21072834375 0.40162777031249997 0.17584668750000002 0.41514270781249996 0.0170128359375 0.618555365625 0.0442237453125 0.667659359375 0.531438203125 0.726534340625 0.56494865625 0.7083840359375 0.6799411734375 0.5159023296874999
10 0.7435602046875001 0.6824285999999999 0.7254365218750001 0.674152646875 0.6935152984374999 0.6588483890625 0.6419382890625001 0.66938161875 0.5745066375000001 0.7129468328125 0.5662333687500001 0.7522305359375 0.602523140625 0.7850560625 0.6765500109375 0.784046425 0.7318647406250001 0.7562970828125 0.764274209375 0.71063855 0.7435602046875001 0.6824285999999999
13 0.7021862109375 0.5647971765625 0.6597438875 0.5556055375 0.567659540625 0.6774329734375 0.6667817796875 0.66435058125 0.7093342234375 0.621089425 0.7021862109375 0.5647971765625
10 1 0.5146004093750001 0.7453416093749999 0.5365899953125 0.7319045156249999 0.6678873546874999 0.763846925 0.6913283875 0.76017285625 0.7329548796875 0.691943340625 0.7813716640624999 0.6825169359375 0.896547990625 0.7117290453125 0.9090382484375 0.729916325 0.9417246390624999 0.78482763125 0.9440004984374999 1 0.8888441890625 1 0.5146004093750001
13 0.4942889390625 1 0.5441042390625 0.969442278125 0.6194801765625 0.8543495156249999 0.609852678125 0.7983496609375 0.5738147921875 0.75848241875 0.52941876875 0.7253516390625 0.3888828015625 0.709212325 0.23337482031249998 0.753800596875 0.1379082703125 0.8218030328125 0.0806663984375 0.8849275343749999 0.10935718593749999 1 0.4942889390625 1
10 0.225645225 0.6905911046875 0.1594090875 0.6745372374999999 0.0838076328125 0.693386796875 0.0431095546875 0.7314497203125 0.06656926875 0.8174898687500001 0.079001596875 0.81904278125 0.14275925 0.81710404375 0.221531115625 0.7707114859375 0.24100331874999997 0.7349490640624999 0.225645225 0.6905911046875
10 0.665721615625 0.257510440625 0.651945284375 0.2586189890625 0.403340575 0.2438348515625 0.34112042656249997 0.42102672500000005 0.5930237796875 0.43632354375000004 0.665721615625 0.257510440625
10 0.5006337125 0.1509506609375 0.45735115156250006 0.1303370484375 0.3984445515625 0.1275767796875 0.3565907296875 0.1368490609375 0.30994948125 0.1752304671875 0.314948896875 0.2274892015625 0.35228840625 0.24842144375 0.39712440312499997 0.243058353125 0.45521190625 0.2425334296875 0.5076209328125 0.19440921093750002 0.5006337125 0.1509506609375
10 0.79535741875 0.2379833875 0.8650395625 0.3322725984375 0.9758809828125001 0.3581418703125 0.9104473000000001 0.07943145625 0.8048685984375 0.155354225 0.79535741875 0.2379833875
10 0.4573408703125 0 0.43433142656249996 0.0058031171875 0.34608824843749997 0.0464151703125 0.38384910781250003 0.1254000515625 0.5023355546875 0.1819315984375 0.6039362828125 0.18684180625 0.741657115625 0.15948306406249999 0.771897703125 0.1519432390625 0.8775912796875 0.06859613906249999 0.88791573125 0 0.4573408703125 0
10 0.3258702671875 0.2712924234375 0.2438008515625 0.2964072671875 0.19069158749999998 0.341054059375 0.1999960015625 0.386423659375 0.27652256249999996 0.41154330625 0.3518509875 0.391598684375 0.389524475 0.333353128125 0.3762050078125 0.2911590625 0.3258702671875 0.2712924234375
10 0 0.5613922796875 0.0050079734374999995 0.5814781640625 0.053479684375 0.56369609375 0.2762230390625 0.19294469218750002 0.24232701875 0.14556441250000002 0.000401215625 0.10925715312499999 0 0.10935718750000001 0 0.5613922796875