3 0.6080678609375 0.0243911921875 0.584143528125 0.022535528125000003 0.555196234375 0.04316686875 0.53339434375 0.1957274578125 0.556808734375 0.21820619375 0.5916884890625 0.181234709375 0.6201476375 0.0439440953125 0.6080678609375 0.0243911921875
3 0.493208915625 0.370175734375 0.4587148484375 0.40561867031250004 0.4509280515625 0.5676257828125 0.4846739578125 0.5771410375 0.52014365 0.54718630625 0.5536119046875 0.39968278437500004 0.5240573281249999 0.3713836953125 0.493208915625 0.370175734375
6 0.28430218125 0.4139528765625 0.2005260984375 0.5238859375 0.2551576109375 0.56560998125 0.4338967359375 0.35849882499999997 0.41618715625 0.3034321 0.28430218125 0.4139528765625
15 0.550581775 0.411546303125 0.5326486484374999 0.45995950468749996 0.5655160625 0.482310953125 0.608356315625 0.4779717265625 0.65085095625 0.3999105609375 0.6352758171875 0.36913619375 0.6015069625 0.3565075390625 0.5401589703125 0.3804165515625 0.550581775 0.411546303125
16 0.6721890562499999 0.211180703125 0.86038958125 0.1163634625 0.8427471765625001 0.1081366734375 0.6620709484375 0.20131437187499998 0.6721890562499999 0.211180703125
1 0.8050396578125 0.09055336875 0.7470765703125 0.0642065625 0.6811181421875 0.0757536 0.6331711296875 0.123125825 0.6389262484375 0.181198403125 0.657205690625 0.2451954359375 0.7435436765625 0.27267698125 0.8192172015624999 0.2041041515625 0.8405392624999999 0.14633135 0.8050396578125 0.09055336875
9 0.5088239125 0.36690029218750003 0.5241950703125 0.33236158125 0.5182403046874999 0.284783390625 0.47892371562499997 0.25434540625 0.43602423906250004 0.2662567140625 0.43701078437499996 0.34762440625 0.46304520781249997 0.3919635796875 0.5088239125 0.36690029218750003
9 0.54554408125 0.2612405890625 0.57040711875 0.3115989921875 0.6229703859375 0.35337750625000003 0.6641330437499999 0.365286375 0.7007624484375 0.29154597187500003 0.63733315625 0.226122659375 0.5799612421875 0.2111216453125 0.54554408125 0.2612405890625
6 0.9363945734374999 0.1542643453125 0.842450190625 0.16413788437500001 0.8056778281250001 0.2176708953125 0.7955059859375 0.2806354671875 0.9400689265625 0.314483503125 0.9364079421874999 0.15181140625 0.9363945734374999 0.1542643453125
16 0.6423379578125 0.618691678125 0.678152834375 0.42815512968749997 0.6666294234375 0.4238005875 0.6288877203125 0.6222717515625 0.6423379578125 0.618691678125
16 0.6527873093750001 0.6326961828125001 0.7688379265624999 0.49168619218750004 0.75076975 0.48690749218749996 0.6399130656249999 0.6227474171875 0.6527873093750001 0.6326961828125001
10 0.7808371203125 0.5050497484375 0.6928391703125001 0.45089236250000003 0.646328903125 0.40085862656250004 0.5865724484375 0.4821704265625 0.6162110515625 0.5774427234374999 0.670771934375 0.618789084375 0.7551489765625 0.6218523234375 0.8248025421875 0.5607993484375 0.8588876875 0.48770352031249997 0.8445857968749999 0.4306328171875 0.7808371203125 0.5050497484375