3 0.042262915625 0.6684017875 0.05373675 0.6894770890624999 0.08680547499999999 0.7025176984375 0.22662771093749998 0.6377118515625 0.2327275734375 0.6058320937499999 0.1827238015625 0.5967155843749999 0.0520822421875 0.6476215609375 0.042262915625 0.6684017875
3 0.39481890000000003 0.5764028453125001 0.44333066250000003 0.5860283984375 0.5834422515625 0.5043235578124999 0.573043078125 0.4708394796875 0.5286027484375 0.457406609375 0.3866677671875 0.50967394375 0.3790307296875 0.5498732859375 0.39481890000000003 0.5764028453125001
6 0.5453122625 0.727764034375 0.683137609375 0.7381507328125 0.6883758828125 0.6696083484375001 0.417329546875 0.6325059265624999 0.38079203437500003 0.6773499171874999 0.5453122625 0.727764034375
15 0.39826767812499997 0.5057538890625 0.4486374859375 0.49442615625 0.4494821125 0.45468775156249996 0.42251045625000005 0.4211222046875 0.3338986140625 0.4279983578125 0.3165718875 0.457821690625 0.3243724421875 0.49302069375 0.3778367375 0.5314496671875 0.39826767812499997 0.5057538890625
16 0 0.434715940625 0.1612309890625 0.5267517171875 0.163994875 0.51289236875 0 0.4172127484375 0 0.434715940625
1 0 0.53019304375 0.0455530203125 0.5791626953125 0.111396525 0.5935736796875 0.1569658265625 0.5571184390624999 0.20068255625 0.5069327265625 0.17670748125 0.41955607656250005 0.0779827109375 0.3934383578125 0.0179175375 0.40702149531250004 0 0.44629161875 0 0.53019304375
9 0.38356734531250003 0.565090940625 0.3462290125 0.5710107328125 0.30956978125 0.601917759375 0.3054556890625 0.6514691406249999 0.33881008125 0.6809603046875 0.40651346093749996 0.635816896875 0.42952005625 0.5898337484375 0.38356734531250003 0.565090940625
9 0.274954425 0.5918412140625 0.30364715468750003 0.5435621640625 0.3100575578125 0.47672469062499995 0.2976263859375 0.43571674531250004 0.215832675 0.44515864374999997 0.1955101375 0.5339870140625 0.21417621250000002 0.5902732875 0.274954425 0.5918412140625
6 0 0.3564375671875 0.0318105875 0.39572072187499996 0.0967348125 0.397404453125 0.1550813265625 0.3716423140625 0.1047340578125 0.23196666875 0 0.303382584375 0 0.3564375671875
16 0.5220204093749999 0.3159812234375 0.342716834375 0.38971798125 0.3453409078125 0.40175398125 0.5323484359374999 0.32531169375 0.5220204093749999 0.3159812234375
16 0.52807445 0.299590259375 0.346607825 0.27906156718749997 0.3524407046875 0.2968174828125 0.5267425296875 0.31580599375 0.52807445 0.299590259375
10 0.3512802171875 0.26171988281249997 0.35378712968750003 0.3650174 0.337156615625 0.43127451875 0.4378961265625 0.4371049171875 0.5016558578125 0.36035888125 0.506615846875 0.2920814328125 0.4632298640625 0.21964853125 0.37409048125 0.19448396875 0.2942230609375 0.20570860156249998 0.254148909375 0.24878610937499998 0.3512802171875 0.26171988281249997