3 0.650340690625 0.204338425 0.6506356359375001 0.25516559375000003 0.6830902984375 0.2546942625 0.7711914765625 0.1282496578125 0.76409130625 0.09341884218749999 0.7453285968750001 0.078459634375 0.723158959375 0.084521334375 0.650340690625 0.204338425
3 0.5292069109375 0.39006940156250003 0.4530868828125 0.52077194375 0.45859869687500004 0.56686971875 0.489768278125 0.5829253546875 0.5945619609375 0.4591302703125 0.593506621875 0.4096840515625 0.5701216921875 0.38952893125 0.5292069109375 0.39006940156250003
6 0.7027311765625 0.7217097781249999 0.7164353953125 0.5841746765625 0.69535581875 0.41339956093749997 0.6448484375 0.441594909375 0.6343204874999999 0.7149662109375 0.7027311765625 0.7217097781249999
15 0.552185303125 0.38515385 0.52362413125 0.325828675 0.49031443125 0.3120343859375 0.457935428125 0.3239191140625 0.435776453125 0.40999071093749995 0.46414848593749997 0.44238120312499996 0.5034298421875001 0.44844991093750003 0.5233321078125 0.40081237343750004 0.552185303125 0.38515385
16 0.5077971609375 0 0.5710431828125 0.171338284375 0.5851719203125 0.1710230390625 0.5238724828125 0 0.5077971609375 0
1 0.52725358125 0 0.4921467875 0.0090959046875 0.46833980156250005 0.06588986718749999 0.47691735625 0.1676500796875 0.55880333125 0.206433715625 0.6158179406250001 0.1720957984375 0.6596323703125 0.13354918437500002 0.656873925 0.06620355 0.6165100453125001 0.012775040625000001 0.578453321875 0 0.52725358125 0
9 0.6499873 0.43151808750000004 0.706201446875 0.3726823453125 0.68295025 0.3347135953125 0.6334372609375001 0.330160678125 0.596633971875 0.3608960234375 0.58432038125 0.3966391421875 0.6007076859375 0.4461902703125 0.6499873 0.43151808750000004
9 0.586344784375 0.20603780624999998 0.4953369453125 0.2106267140625 0.4718351625 0.2895382265625 0.510061453125 0.30890149375 0.5769966703125 0.3141946859375 0.62952469375 0.2943214328125 0.6385346140625 0.23419431093749998 0.586344784375 0.20603780624999998
6 0.367298178125 0 0.3046759078125 0.0641955359375 0.4334868546875 0.1380323390625 0.46898937500000004 0.08504578593749999 0.47860519687499997 0.0208155296875 0.46051037343749995 0 0.367298178125 0
16 0.3223483546875 0.501522684375 0.430102828125 0.330630284375 0.4187053484375 0.325956046875 0.314953078125 0.48973134375000005 0.3223483546875 0.501522684375
16 0.31396052343749997 0.494351296875 0.325527684375 0.3194001875 0.309054390625 0.310572640625 0.2977598578125 0.49284714999999996 0.31396052343749997 0.494351296875
10 0.3924576859375 0.33256895000000003 0.29116481250000004 0.312162696875 0.29529420625 0.21426110468749998 0.24591234062499998 0.246246109375 0.22098940156250002 0.322951028125 0.2302927671875 0.4151059640625 0.294091353125 0.47041065781249997 0.36219280625 0.4773822765625 0.448844659375 0.42791800625 0.46059607031249994 0.32769651718750004 0.3924576859375 0.33256895000000003