0 0.516203575 0.3107395328125 0.5415246890625001 0.307161340625 0.5671048421875 0.26941638437500004 0.5686888875 0.225724909375 0.5397944328125 0.1734615953125 0.5048029859375001 0.1542579140625 0.48080698125000004 0.148311625 0.43581476874999997 0.165617125 0.41508758749999997 0.2084719609375 0.4519419171875 0.2573565765625 0.47960033593749996 0.2920590421875 0.516203575 0.3107395328125
1 0.704035046875 0.3295949625 0.7464483703125 0.30621421875 0.7603885921875 0.2536930765625 0.7399819203125 0.1834872203125 0.6054684109374999 0.072094021875 0.569080784375 0.0875396546875 0.5382717375 0.13825884375 0.6169954546875001 0.2984277984375 0.6668785953125 0.3379995640625 0.704035046875 0.3295949625
16 0.43965899999999997 0.4048525875 0.2810395515625 0.33226022187500004 0.2664527421875 0.3398511515625 0.4367647265625 0.417474040625 0.43965899999999997 0.4048525875
16 0.4577964109375 0.39575445781249996 0.30524389375 0.3275829984375 0.2848279359375 0.336249059375 0.452153184375 0.4074449828125 0.4577964109375 0.39575445781249996
16 0.4295305734375 0.35877979843749996 0.33752819375 0.3320690671875 0.31953745625 0.33410877031249997 0.390501675 0.36555201406250004 0.43213996093749996 0.3757241171875 0.4295305734375 0.35877979843749996
1 0.370037684375 0.43580417968749996 0.3794098015625 0.391248578125 0.34717352031250004 0.325176359375 0.329293925 0.2879907109375 0.27427192968749997 0.21759817187500002 0.21577035156250002 0.2130469609375 0.194712075 0.269559265625 0.2186105859375 0.372751971875 0.29978469375 0.477367134375 0.33423828125 0.46499235 0.370037684375 0.43580417968749996
15 0.2269790109375 0.50352509375 0.276100925 0.51065864375 0.3034992421875 0.4962302890625 0.30482688750000003 0.47467839375 0.22391246874999998 0.3819309703125 0.1986777125 0.4343834828125 0.2269790109375 0.50352509375
1 0.176125021875 0.5712857812500001 0.220416575 0.539892159375 0.23079517656249998 0.49770767656250003 0.2049823703125 0.44430028593750004 0.20953181875000002 0.403190934375 0.17554800312500002 0.32806593125 0.10520584531249999 0.3005562890625 0.07547335937500001 0.33416532499999996 0.0969188015625 0.45379067187500005 0.08618366250000001 0.48773123125 0.1008969765625 0.5248617390625 0.1193764015625 0.5521973921875001 0.176125021875 0.5712857812500001
1 0.3074371375 0.6708608500000001 0.349010134375 0.6602102765625 0.36797194218749996 0.628374671875 0.3780294171875 0.61011329375 0.3600309921875 0.57017958125 0.3130535375 0.47678330625000004 0.2782050171875 0.52795539375 0.24954229374999998 0.5862963390625 0.244224015625 0.63053049375 0.264423646875 0.6532409125 0.3074371375 0.6708608500000001
1 0.28898620468749997 0.7458554921875 0.308625784375 0.698340759375 0.2936468953125 0.6655206375 0.26568199375 0.6564026921874999 0.2477746375 0.62902334375 0.24661382031249998 0.5917371109375 0.22121314062500003 0.526961009375 0.216838125 0.5512056390625 0.170680240625 0.5707985 0.186931203125 0.6016793984375 0.206586028125 0.6381115562499999 0.1934811796875 0.659065665625 0.1680402578125 0.6978491499999999 0.1708853890625 0.72182751875 0.1963603109375 0.7520729125 0.28898620468749997 0.7458554921875
1 0.44308593281249997 0.5363241046875 0.48962818906249994 0.5151688359375 0.5211638296875 0.47099983749999996 0.5140549609375 0.43204068749999996 0.452756140625 0.3419250203125 0.422596159375 0.3029559703125 0.35992943125 0.33795173125 0.379025434375 0.3928109859375 0.36826240781249997 0.43655774062499997 0.3805783265625 0.470508275 0.3878338859375 0.5024090421875 0.4012119296875 0.519117996875 0.426298059375 0.528576640625 0.44308593281249997 0.5363241046875
1 0.624166978125 0.5606464015625 0.6296597390625001 0.49954744375000004 0.6160084718750001 0.44517555 0.5946971828125001 0.41224497031249996 0.564921553125 0.3717134671875 0.5372221390624999 0.35828512031250004 0.525690325 0.4051567703125 0.50992253125 0.42724133125 0.5170036375 0.4760067859375 0.53233908125 0.5170708671875001 0.5412510859374999 0.5454700046875 0.5642188546875 0.5748990468749999 0.5901733140625 0.581412171875 0.624166978125 0.5606464015625
1 0.7364728656249999 0.3802004609375 0.731000825 0.332258928125 0.7180203625 0.320234771875 0.6313739234375 0.316101246875 0.5860962187500001 0.23829878125 0.55680786875 0.268264984375 0.6230836640625 0.429715803125 0.7064196046875 0.41867386562500003 0.7364728656249999 0.3802004609375
1 0.44758375624999996 0.7634992953124999 0.488521734375 0.7671629890625 0.5289039515625 0.705602203125 0.5302349390625001 0.6839963546875001 0.5109014843749999 0.6734999578124999 0.4998709703125 0.64545194375 0.439529934375 0.655869034375 0.409755403125 0.5960335421875 0.38325779375 0.6119568265625001 0.439175134375 0.7436898265624999 0.446339275 0.7172701140625 0.4383110375 0.74990129375 0.44758375624999996 0.7634992953124999
1 0.44101303124999996 0.6552394968749999 0.486003175 0.6478316734375 0.5416434453125001 0.61603121875 0.5342446187500001 0.5759211125 0.5072145234375001 0.5184276062500001 0.48034293906250003 0.516975553125 0.442943821875 0.5340195453125001 0.4239083 0.5304102828125 0.388207671875 0.5081583046875 0.4106891609375 0.5652448703124999 0.4218728734375 0.612994671875 0.44101303124999996 0.6552394968749999
1 0.57646950625 0.7228177375 0.610902459375 0.707032896875 0.62678991875 0.6640520765625 0.5886300234374999 0.57621459375 0.5689290140625001 0.583408346875 0.5381678921875 0.5356809953125 0.5209894859374999 0.548817475 0.5421863609375001 0.6111250015625 0.5195720125000001 0.6382582640625001 0.5356618296875 0.690318253125 0.57646950625 0.7228177375
1 0.1686256796875 0.7042317171875 0.207746603125 0.6396995203125 0.17334732343749998 0.5689687953125 0.1069912890625 0.53635063125 0.090664190625 0.47314492656249996 0.053738295312499997 0.509859828125 0.064420396875 0.660794046875 0.0891729703125 0.7005513890625 0.12077969687500001 0.7130469765624999 0.1686256796875 0.7042317171875
1 0.2697653625 0.7466326890625 0.19431845 0.7482657781250001 0.15359583593749998 0.705935746875 0.16361653125 0.7542843265625 0.15596225 0.8042908078125001 0.18801431875000002 0.8818625015625001 0.2064836921875 0.8985703953125 0.247497753125 0.9127222375 0.28625749375 0.900945415625 0.306991553125 0.8652588140624999 0.30023505 0.822538265625 0.2697653625 0.7466326890625
15 0.3064021546875 0.8865498390625 0.2842650390625 0.8199656578125 0.22155351875 0.8454162015625 0.247704925 0.9089579140625 0.3064021546875 0.8865498390625
16 0.24025612343749997 1 0.2143893796875 0.871835915625 0.20464981249999997 0.873632234375 0.2395704671875 1 0.24025612343749997 1
16 0.3497403234375 0.9324393046875 0.29852953125 0.8832654984375001 0.2940904640625 0.89067533125 0.339183103125 0.9454937156250001 0.3497403234375 0.9324393046875
16 0.3606008609375 0.8946758453125 0.3079504359375 0.8534805671875001 0.30063180625 0.87684754375 0.3615091828125 0.93716768125 0.3606008609375 0.8946758453125