0 0.624353478125 0.3564092875 0.6469419000000001 0.3683978484375 0.68982260625 0.3528971734375 0.71678533125 0.31848110625000003 0.72412883125 0.2592154625 0.707107796875 0.2231119015625 0.6911897609375 0.2041967546875 0.6446183796875 0.1917514390625 0.602660296875 0.2142385984375 0.6037424203125 0.275449515625 0.605720953125 0.3197816109375 0.624353478125 0.3564092875
1 0.7652293875 0.4820682203125 0.81328534375 0.48808272812500003 0.8554343734375 0.45378608906249995 0.8801909968749999 0.384993615625 0.8368425609375001 0.21580956874999999 0.7983256375 0.2069172375 0.743588603125 0.22984081875 0.713132478125 0.40569286718750003 0.7302290874999999 0.46702767187500005 0.7652293875 0.4820682203125
16 0.5071093515625 0.38755657656250003 0.42145224375 0.2355939453125 0.40518943125 0.2331612265625 0.4973491296875 0.396066334375 0.5071093515625 0.38755657656250003
16 0.527130571875 0.39085693906249996 0.44378317031250003 0.2460369484375 0.42217253125000004 0.241047740625 0.5156935875 0.396997765625 0.527130571875 0.39085693906249996
16 0.5259961890625 0.3443295671875 0.46726487343749995 0.2686424890625 0.45151115312499995 0.25971795468750003 0.49044053749999994 0.32686779375 0.51814760625 0.35957156874999996 0.5259961890625 0.3443295671875
1 0.43259163437500003 0.3716745578125 0.4663629625 0.3411371109375 0.4791195375 0.268735553125 0.48651181718750003 0.22814236718749997 0.48337378593749997 0.138852490625 0.43872014843749996 0.10078412031249999 0.38846654531249997 0.13412579062500002 0.3471456953125 0.231657634375 0.3513256796875 0.364006021875 0.3864729328125 0.3742459234375 0.43259163437500003 0.3716745578125
15 0.27704938125 0.34237415000000004 0.3125968484375 0.37701845 0.34324332812499997 0.3814499921875 0.3569853015625 0.3647945125 0.3460397296875 0.24219996875 0.29479357031250003 0.269802325 0.27704938125 0.34237415000000004
1 0.19607890781249998 0.3673024734375 0.250364234375 0.36793842187500003 0.28355611718749996 0.339910846875 0.29406519375 0.2815309734375 0.321909246875 0.2509469078125 0.3385731296875 0.17019431875 0.2978348921875 0.1065924671875 0.2540259109375 0.11630643125 0.201061621875 0.225690684375 0.1724269515625 0.24683921718750002 0.1625055078125 0.2855266984375 0.1613881828125 0.3185036390625 0.19607890781249998 0.3673024734375
1 0.2437838828125 0.5250437203125 0.28367739375 0.5408632203125 0.31773031875 0.5262531453125 0.33660075625 0.5173910171875 0.34551217031250003 0.4745047546875 0.362403565625 0.3713329265625 0.30413232031250004 0.39224856875 0.24665174374999999 0.422599859375 0.21634898281249998 0.4552600359375 0.21934197968750002 0.485506196875 0.2437838828125 0.5250437203125
1 0.1847760203125 0.574870475 0.22859323437499998 0.547974103125 0.23576624218750003 0.512617696875 0.2185015546875 0.48880376718749996 0.22010737656249998 0.4561277296875 0.24108455312500002 0.42528022187500003 0.258609409375 0.3579451109375 0.2408193109375 0.374987859375 0.1919604046875 0.3637078921875 0.186956371875 0.3982431390625 0.1814431734375 0.439270190625 0.1585246125 0.44851958593749996 0.11514611562499999 0.464942284375 0.1033537421875 0.4860135171875 0.10618559062499999 0.5254563390625 0.1847760203125 0.574870475
1 0.4326047796875 0.49593356875000005 0.48269301093749994 0.506175446875 0.5341677671875 0.48897816250000004 0.5513161828124999 0.4532810609375 0.5546930578125 0.34434541093750004 0.5531985515625 0.29509119375 0.4819301109375 0.28656878125 0.46513364218750003 0.3421752 0.43071247343749997 0.3712407203125 0.4207206375 0.40594639531250004 0.40783970781249995 0.4360193671875 0.40884149531249997 0.4574006125 0.42357695 0.4797980734375 0.4326047796875 0.49593356875000005
1 0.564806134375 0.6220474890625 0.6051629390625 0.57584595625 0.6260778296875 0.52383415625 0.6281927421875 0.48466629687499996 0.627927571875 0.4343739453125 0.6134112593750001 0.407228878125 0.5765313609375 0.438370609375 0.5507939687500001 0.44696931875 0.5278590890625 0.49058356875 0.5161288625 0.5328190562499999 0.50664623125 0.5610327875000001 0.5079295890625 0.5983414984375 0.52509886875 0.618866375 0.564806134375 0.6220474890625
1 0.76172696875 0.5420754 0.785479321875 0.5000735 0.7820455281250001 0.48271602812500003 0.7143767125 0.42844243750000005 0.723477421875 0.33888535468750003 0.68216895625 0.3459132625 0.6408887890625 0.515485653125 0.7147992703125 0.5555361750000001 0.76172696875 0.5420754
1 0.3027133671875 0.6823659125 0.3336794234375 0.70939264375 0.4025338453125 0.68332499375 0.41631023593750005 0.666627828125 0.40683876874999997 0.646772146875 0.41440110468749997 0.617597253125 0.3594611703125 0.590557284375 0.3705434875 0.524648325 0.339747 0.5219556296875 0.3075543640625 0.661397253125 0.3288793921875 0.64423423125 0.303204284375 0.66591453125 0.3027133671875 0.6823659125
1 0.361031053125 0.5909197203125001 0.40178305156249994 0.611371209375 0.465488815625 0.6183486312500001 0.4830791671875 0.5815499515625 0.49500519687500005 0.5191488359374999 0.4741191234375 0.5021793796875 0.4338443953125 0.49398560937499997 0.42056580625000006 0.47987685625000004 0.404762775 0.44089032499999997 0.389396040625 0.5002886156249999 0.37037722500000003 0.5454926375 0.361031053125 0.5909197203125001
1 0.43089615156249994 0.725210984375 0.468031090625 0.7326799625 0.5061478078125 0.7072461609375 0.52690538125 0.613754321875 0.5067385484375 0.607994228125 0.5099057109375 0.5513010546875 0.48828665937500004 0.551831478125 0.468811846875 0.6146985359375 0.434567921875 0.6233574265625 0.4169847640625 0.6749321984375001 0.43089615156249994 0.725210984375
1 0.1118681515625 0.47044999218749994 0.1814487171875 0.44123704999999996 0.19519359218750001 0.3637953015625 0.16068290937500002 0.2984035546875 0.184625390625 0.2376722359375 0.1331712359375 0.24567071875000002 0.0530963296875 0.37405784999999997 0.0497528015625 0.42077141406249996 0.067978459375 0.449458521875 0.1118681515625 0.47044999218749994
1 0.1687692078125 0.5642015109375 0.10677146875000001 0.5211761265625 0.09870715 0.462994259375 0.07839548125 0.5079990999999999 0.0428099640625 0.5439561203125 0.023145134375 0.6255526703125 0.0282665171875 0.649925665625 0.053129346875000004 0.68548220625 0.09140887812500001 0.6987369625000001 0.1291591421875 0.6820530703125 0.148803525 0.643520046875 0.1687692078125 0.5642015109375
15 0.1161677578125 0.69893143125 0.13739565468749998 0.6320518265625 0.071701515625 0.6157808421875 0.055509565625 0.6825585796875 0.1161677578125 0.69893143125
16 0 0.7430287078125 0.05037648593750001 0.6329438640625 0.0414411609375 0.6286723421875 0 0.7392039890625 0 0.7430287078125
16 0.12425592187500001 0.7615303234375 0.11172915937500001 0.6916469328125 0.1037824875 0.69503239375 0.1080417609375 0.7658861859375 0.12425592187500001 0.7615303234375
16 0.15523908749999998 0.7373627078125 0.1368579734375 0.673087884375 0.1172023140625 0.687690384375 0.130997859375 0.7722732234375 0.15523908749999998 0.7373627078125