0 0.7206868562500001 0.40529427343749996 0.6863406828125 0.4352837078125 0.6858750296875 0.46085215625 0.7088770906249999 0.4949059796875 0.746691603125 0.5181290703125 0.799703253125 0.54875115625 0.839712646875 0.5229557828125 0.8514059828124999 0.4761899265625 0.8425796406250001 0.4530974546875 0.8192547156250001 0.42070716875 0.763859615625 0.3983973828125 0.7206868562500001 0.40529427343749996
1 0.644269246875 0.27671865 0.6404555234375 0.3146224046875 0.685811553125 0.35931114062499997 0.8543806406250001 0.41792837812499994 0.9009671000000001 0.3811678625 0.911863065625 0.3431691140625 0.784907103125 0.22323366249999999 0.7127376015625 0.211535040625 0.6623068296875 0.23177207187499999 0.644269246875 0.27671865
16 0.5896172640625 0.5527065437500001 0.6874173734375 0.712289196875 0.6931740375000001 0.6968860140625 0.6017919171874999 0.548295675 0.5896172640625 0.5527065437500001
16 0.5976961859375 0.536210553125 0.6887532453125 0.693611984375 0.6948666296875 0.6722920765625 0.608611834375 0.5291846734375001 0.5976961859375 0.536210553125
16 0.686479534375 0.640795134375 0.64875563125 0.5527337453125 0.6316196078125 0.5522088 0.6467903203125001 0.592297053125 0.686647553125 0.6589003484375 0.686479534375 0.640795134375
1 0.6226370546875 0.6064378734375 0.5795557359375 0.62117009375 0.5549479796875 0.6602597968749999 0.546864271875 0.695964678125 0.6605922843750001 0.763784346875 0.765928303125 0.77492869375 0.8194530140625 0.747140265625 0.8078061796875 0.6896294015625 0.7312328421875 0.643596225 0.69214539375 0.6303816921875 0.6226370546875 0.6064378734375
15 0.54891848125 0.69063239375 0.5276890296875 0.694576659375 0.5167072375 0.723529128125 0.5297740703125 0.7714155328125 0.601849371875 0.7910796359375001 0.6508355671875 0.759640621875 0.54891848125 0.69063239375
1 0.591238140625 0.7860305265624999 0.5350830515625 0.766918846875 0.49447783906250004 0.7823610828125 0.46871600312500006 0.8301484140625 0.494578028125 0.88414775 0.523962 0.899158053125 0.5626088453125 0.9092366265624999 0.5949881328125 0.8944451921875001 0.7163353515625001 0.9011521203124999 0.7460703921875 0.86754534375 0.71019325 0.8010800890625 0.6314866328125001 0.7765050171875 0.591238140625 0.7860305265624999
1 0.3593849421875 0.66938913125 0.3538802296875 0.711950228125 0.3766108578125 0.7524957718749999 0.4016137125 0.7697771343750001 0.4448700171875 0.7591077109375 0.499282990625 0.7235486625 0.5458266828125 0.6827235875000001 0.44740145781249996 0.647478440625 0.40557194843750005 0.6344808671875 0.3886723859375 0.646688878125 0.3593849421875 0.66938913125
1 0.507215525 0.7799945453125 0.439826690625 0.76267741875 0.402676915625 0.766069303125 0.373319290625 0.751632128125 0.3608612453125 0.724986871875 0.3264602921875 0.7141194 0.28169318906249996 0.739403178125 0.2868103703125 0.8320963640624999 0.31993493125 0.853695415625 0.34408130312499996 0.853597109375 0.3794752328125 0.823619303125 0.3986760734375 0.8080584734375 0.43723199375000005 0.82312683125 0.4698632046875 0.8354932265624999 0.483684790625 0.7872916265625001 0.507215525 0.7799945453125
1 0.662654290625 0.527627215625 0.565739884375 0.477767646875 0.526204778125 0.475459690625 0.4862082375 0.5121431171874999 0.47088272968749995 0.5609166328125 0.48061837343749997 0.5766351937499999 0.49306374374999995 0.6003816171875 0.511278525 0.611623634375 0.5438257390625 0.6149373859375 0.57902414375 0.623023975 0.6211331343750001 0.607009784375 0.67791069375 0.6192777890625 0.70500845 0.5528132578125 0.662654290625 0.527627215625
1 0.6194183578125 0.41992816718750003 0.5755602328125 0.395314028125 0.540277921875 0.3781748171875 0.4846476359375 0.371251571875 0.4246734984375 0.38414948125000004 0.4082053 0.420420471875 0.41783292968749997 0.44538772031249996 0.44984167812500003 0.46459779375 0.47911523437500003 0.469982384375 0.5217421515625 0.4801990671875 0.5710070843749999 0.4812843796875 0.5910054203125 0.4629426859375 0.6361223203125 0.445784609375 0.6194183578125 0.41992816718750003
1 0.5555637203125 0.285207853125 0.5547601828125 0.3692682953125 0.7230845593749999 0.4153741734375 0.749258046875 0.3826521734375 0.666517546875 0.34719369843750003 0.6518552875 0.26169685781249996 0.6383388359375 0.25027852500000003 0.590087778125 0.25068987656249997 0.5555637203125 0.285207853125
1 0.3136904140625 0.4924139421875 0.29240781875 0.49636810000000003 0.2362272515625 0.5439516859375 0.24485272187499998 0.584138028125 0.259479425 0.59168445 0.2908889828125 0.5797393125 0.2655392875 0.5900698046875 0.403104978125 0.62951613125 0.41568032656250004 0.601275471875 0.35266223750000003 0.5790149875 0.35564795781249997 0.5178542015625001 0.3264647265625 0.5103241 0.3136904140625 0.4924139421875
1 0.3797586 0.47280760781250003 0.354976025 0.53190864375 0.3531063375 0.577466225 0.397368875 0.5913153640625 0.44612570781249994 0.596596478125 0.5055265640625 0.6119532921874999 0.4790896359375 0.5792306046875 0.47318743124999996 0.5607768296875 0.48554657343749996 0.5215793390625 0.480830521875 0.49508501406249994 0.42047142343750005 0.4752630921875 0.3797586 0.47280760781250003
1 0.280994684375 0.415155153125 0.26952382343750003 0.4512551359375 0.3067542671875 0.4877979484375 0.36038706249999997 0.49742331718750005 0.3845620828125 0.4716708203125 0.448988428125 0.48511631875 0.4599334703125 0.46646502500000003 0.4088130328125 0.44174969218750004 0.41355221562500005 0.4213188328125 0.32171893906250004 0.39414807343749997 0.280994684375 0.415155153125
1 0.337674965625 0.8537938921875 0.3347563734375 0.9023575484374999 0.35101071093749997 0.932205853125 0.3934882875 0.9519287234375 0.5445992875 0.9441369484375001 0.5765403859375 0.903011871875 0.511816034375 0.8945093109375 0.471354234375 0.8326230390625 0.3969585078125 0.8071000734375 0.337674965625 0.8537938921875
1 0.337815315625 0.8689193734374999 0.2908379671875 0.8336590328125 0.28326421874999996 0.7585754671875 0.204211109375 0.7375834593749999 0.1609855828125 0.7360836421875 0.1280918296875 0.76101225625 0.121126415625 0.8009183203125 0.14017112812500002 0.8399019953125 0.159005334375 0.8561975203125 0.239904984375 0.878557065625 0.288605903125 0.8648655812499999 0.337815315625 0.8689193734374999
15 0.12483743124999999 0.8002539375 0.1910925671875 0.8184666296875 0.20871079531249997 0.7531209109375 0.1399250875 0.739263371875 0.12483743124999999 0.8002539375
16 0.165742871875 0.828797121875 0.026022584375 0.8180205921875 0.165146896875 0.8386830078124999 0.165742871875 0.828797121875
16 0.0774255765625 0.7139102187499999 0.1373307625 0.7519860640625 0.144144378125 0.746677053125 0.08909608125 0.7018407578125 0.0774255765625 0.7139102187499999
16 0.0829686859375 0.690735865625 0.150258290625 0.7438082968749999 0.172559178125 0.7336965015625 0.125254490625 0.6864589640625 0.0829686859375 0.690735865625