10 0.4372849296875 1 0.5109749203125 0.8892987359375001 0.1986700109375 0.7402828078125 0.15328921874999998 0.7734797265625 0.110082490625 0.943690296875 0.21845102187499998 1 0.4372849296875 1
10 0.30628812031249997 0.7729975328124999 0.48499972187499996 0.481371190625 0.12436468437499999 0.580577828125 0.099279521875 0.6765822906250001 0.097548525 0.6763332890625 0.2961177671875 0.7782343703125 0.30628812031249997 0.7729975328124999
10 0.2994520765625 0.7853579093749999 0.5552824546874999 0.9027556765625 0.8610013140625 0.5427448453125 0.615870871875 0.43934752499999996 0.4409385875 0.4881023171875 0.2994520765625 0.7853579093749999
10 0.55593216875 1 0.6667687328125 0.972329553125 0.597795965625 0.88606815625 0.5213782703125001 0.8963679625 0.4750014671875 0.956340359375 0.4900784171875 1 0.55593216875 1
10 0.1094777296875 0.3693896171875 0.35386186875000003 0.5128276828125 0.5353867703125 0.4630123140625 0.8144090671875001 0.170453859375 0.3536761328125 0.0218079765625 0.1094777296875 0.3693896171875
1 0 0.5031122734375 0.013542512500000001 0.5199267187500001 0.075646446875 0.516384775 0.215543346875 0.428467953125 0.1371711625 0.37369233125 0.12778656875 0.331900596875 0 0.38564044375 0 0.5031122734375
10 0.16844285781249999 0.28252768437500003 0.1843995765625 0.24835664999999998 0.1985055765625 0.2138467203125 0.141367171875 0.1881581484375 0.0743648921875 0.209671403125 0.06420401406250001 0.269405803125 0.1024936125 0.302198590625 0.16844285781249999 0.28252768437500003
10 0.17991178593749999 0.208763325 0.2423527375 0.17601121875 0.272582146875 0.1270492421875 0.26114583750000003 0.0950832453125 0.21830819375 0.0841315765625 0.133988 0.1076590609375 0.108789184375 0.1714620375 0.1222802875 0.19287593125 0.17991178593749999 0.208763325
10 0.4368061703125 0 0.46105566875 0.016398182812500002 0.508345853125 0.0096802890625 0.526820853125 0 0.4368061703125 0
10 0.16118788125 0.080564890625 0.20787526562499997 0.0910735453125 0.2838946453125 0.069911375 0.3175590875 0.032164371875 0.16118788125 0.080564890625
10 0.15317811718750002 0.4638865859375 0.14310988593750001 0.51635455 0.190962890625 0.5377711703125 0.23342357812499998 0.5266966234375 0.2761888078125 0.47916374531250006 0.24743275156250003 0.4357464453125 0.15317811718750002 0.4638865859375
10 0.337860309375 0.5209341234375 0.3331584328125 0.5080311984375 0.31101640937499997 0.48350279374999994 0.24358613906249998 0.496179615625 0.22395129218749998 0.5236934093750001 0.221760978125 0.5503989234375 0.337860309375 0.5209341234375
1 0.6472198687499999 0 0.5827419359375 0.0785453203125 0.6218557953125 0.1773587484375 0.7972698625 0.17421066406250002 0.9079555312500001 0.1087323734375 0.876777025 0 0.6472198687499999 0
10 1 0.5654099171875 0.831817215625 0.5415429078125 0.5482442484375001 0.9258226453124999 0.6696621515625 0.9714998781249999 1 0.8752022953124999 1 0.5654099171875