10 0.6662218046875 0 0.5567928296875 0.11470981250000001 0.83847678125 0.31569303125000003 0.8889327218749999 0.29088074062499997 0.961039796875 0.1307588203125 0.7903663843750001 0 0.6662218046875 0
10 0.738174484375 0.264787628125 0.51153753125 0.5209505671875 0.8839207640625 0.48587471875 0.9252958265625001 0.395684771875 0.9269572875 0.39623057500000003 0.7490996953125 0.26139641406249997 0.738174484375 0.264787628125
10 0.7470530296875 0.25380210000000003 0.5154951984375 0.093763390625 0.15190567187499998 0.395217325 0.375357275 0.5396102625 0.5560981265625 0.5219728375 0.7470530296875 0.25380210000000003
10 0.50160741875 0 0.417784025 0.0058871078124999995 0.47072980781249996 0.1028149953125 0.5477750875 0.10594146093750001 0.6038614203125 0.0549334265625 0.5951104046875 0 0.50160741875 0
10 0.8619091046875 0.6964395984375 0.64614546875 0.51274381875 0.458727990625 0.5302809109375 0.1331424265625 0.7699430328125 0.5610637046875 0.9963360859374999 0.8619091046875 0.6964395984375
1 1 0.5965677515625 0.98252734375 0.5648484687499999 0.9207518546875001 0.5575523671875 0.76771370625 0.61984069375 0.8353835546875 0.6873933375 0.8373685171874999 0.7301797796875 0.9816268031250001 0.697381575 1 0.658908184375 1 0.5965677515625
10 0.7887563734375 0.7717427156250001 0.767108334375 0.8026237609375 0.74722405 0.834159925 0.7990336203124999 0.8693802093749999 0.868753721875 0.8598286140625 0.889133003125 0.80276613125 0.8571195171875001 0.7638226218749999 0.7887563734375 0.7717427156250001
10 0.7646526375 0.842394871875 0.697472959375 0.8638066421874999 0.6592006453125 0.90677549375 0.6649123734375 0.9402417484375001 0.7051974796875 0.9584657156249999 0.792322165625 0.9499377156250001 0.8282174265625001 0.891479778125 0.8186497656249999 0.868048503125 0.7646526375 0.842394871875
10 0.47192056875 1 0.4543761046875 0.9830174312500001 0.4066378140625 0.9814214109374999 0.3482582828125 1 0.47192056875 1
10 0.760830659375 0.9718970546874999 0.7166773703125 0.9534408703125001 0.638138121875 0.9610809140625 0.5984304218750001 0.9924086859375001 0.760830659375 0.9718970546874999
10 0.8352818515625 0.5957897578125 0.8543080875 0.54586723125 0.8109010359375001 0.5164663890625001 0.767162346875 0.5199994671875 0.7167928203125 0.5593841109375 0.737572671875 0.6071352421875 0.8352818515625 0.5957897578125
10 0.6633115968750001 0.507539175 0.6657014718750001 0.521062546875 0.6832477953125 0.5490632328125 0.75185495625 0.54828814375 0.775969225 0.5246019015625001 0.782763628125 0.4986824484375 0.6633115968750001 0.507539175
1 0.22952728437499997 1 0.3453302625 0.9006838500000001 0.3239694015625 0.79657956875 0.15067360937500002 0.7692194953125 0.03029931875 0.8144826578125001 0.0497979765625 1 0.22952728437499997 1
10 0 0.34257288125 0.18043768437500002 0.4014687671875 0.526432015625 0.07226903125 0.41479049218749997 0.0062017406249999995 0 0.0516437734375 0 0.34257288125