10 0 0.47115674687500003 0.058614753124999995 0.5133637703125 0.114717025 0.5096238734375 0.2581708734375 0.1947253234375 0.0762375703125 0.14135305 0.01697965 0.1677363765625 0 0.208641975 0 0.47115674687500003
10 0.0795253953125 0.622308275 0.160452225 0.6797275296875 0.5004834890625001 0.5239124890625 0.176128659375 0.415387353125 0.16497154218750001 0.4179130796875 0.07835942968750001 0.6236116859374999 0.0795253953125 0.622308275
10 0.28346245937500003 0.155936375 0.16294685 0.41031287968749997 0.46240401562500005 0.5470780984375 0.627748896875 0.47198213125 0.74906719375 0.235208378125 0.28346245937500003 0.155936375
10 0.261596290625 0.1826228375 0.326756228125 0.1413926 0.3241446765625 0.030977695312499998 0.1652807859375 0.1084010234375 0.187520084375 0.16649175 0.261596290625 0.1826228375
10 0.379806221875 0.58410920625 0.2847973203125 0.8510762359375 0.6952853234374999 0.9603715125000001 0.9526794953125 0.5503487375 0.5508830640625 0.505588034375 0.379806221875 0.58410920625
1 0.114543296875 0.79742409375 0.115935471875 0.8666736140625 0.1815897421875 0.9117508593749999 0.3229201828125 0.8680257953125 0.3032459890625 0.8299791687500001 0.3280734765625 0.7376419390625 0.16439438906249998 0.7602177390625 0.114543296875 0.79742409375
10 0.3143839984375 0.9567696625 0.360564215625 0.9959975828125 0.42571939218750005 0.96940945625 0.45297765468750006 0.9130030093749999 0.4199892765625 0.89563403125 0.385801003125 0.8797142812500001 0.32263673593750003 0.9070368515625 0.3143839984375 0.9567696625
10 0.5507371015625 1 0.5515266265625 0.9996416968749999 0.57730256875 0.9637167249999999 0.56551594375 0.931878234375 0.5108867218750001 0.9138022734375 0.44200152812500004 0.928848975 0.40806545937500005 0.9780642374999999 0.4110657609375 1 0.5507371015625 1
10 0.8215647296874999 0.870242078125 0.78102016875 0.8954934187499999 0.7722862515625 0.9260884890625001 0.8962948015625001 0.8708763265625 0.8824359359375 0.85691775 0.8215647296874999 0.870242078125
10 0.603047615625 1 0.660961096875 0.9756536421875 0.610909334375 0.9683768453124999 0.5413383265625 1 0.603047615625 1
10 0.2786303546875 0.6509012203125 0.238985 0.6697108296875001 0.2160938109375 0.71687623125 0.257532278125 0.7505972890625 0.3478236515625 0.7115681765625 0.34194396562499996 0.659824559375 0.2786303546875 0.6509012203125
10 0.30603128125 0.6677462375000001 0.3658343703125 0.6341139046875 0.3670295890625 0.6010914374999999 0.362337596875 0.5881849156250001 0.2544607390625 0.64024078125 0.27330459218750003 0.659290484375 0.30603128125 0.6677462375000001
1 1 0.5480887375 0.9371352749999999 0.5584877265625 0.8007367546875 0.6688301421875 0.8342898468750001 0.7696675234375 1 0.8007314031250001 1 0.5480887375
10 0.394520828125 0 0.32689446875 0.029753409375 0.26324371874999997 0.1427901234375 0.7274834671875 0.25488829062499996 0.8683457906250001 0.09802152187499999 0.824703796875 0 0.394520828125 0