10 0.328107375 0.748435946875 0.1953579140625 0.8091161234375001 0.21534496406249998 0.9307957515625 0.26062661875000004 0.9435676578125 0.34136406875 0.933990478125 0.328107375 0.748435946875
10 0.1831725078125 0.505387853125 0.043434134375 0.53928919375 0.031098476562499998 0.8473955578125001 0.1769312390625 0.829596321875 0.1831725078125 0.505387853125
10 0.26204980624999996 0.6858752265625 0.3520370015625 0.6269271187500001 0.3845162765625 0.513766828125 0.3163611046875 0.4430010359375 0.22929584687500001 0.4930638421875 0.18781621875 0.5693606499999999 0.21510947812499998 0.6299338125 0.26204980624999996 0.6858752265625
6 0.3618089109375 0.4531498515625 0.4745552046875 0.30890348125 0.2887553375 0.1460060953125 0.162150246875 0.3052779921875 0.3618089109375 0.4531498515625
14 0.39983171875 0.6665375328125 0.42243847656250005 0.7069038046875 0.4507862484375 0.75981385625 0.5687939484375 0.7894542734375001 0.684792225 0.73219999375 0.7797160515625 0.6286596531249999 0.74423555625 0.4933986953125 0.522586346875 0.43287414843749994 0.44805701249999996 0.5127272734375 0.416956209375 0.5142816890625 0.368861365625 0.6659559109375001 0.39983171875 0.6665375328125
12 0.44863005468750006 0.639464034375 0.435794503125 0.6622365734375 0.456211909375 0.6862298328125 0.49435118593749994 0.6888025984375 0.5120787796874999 0.666502878125 0.66166825625 0.6728568203124999 0.6594390625 0.6419671046875 0.632950746875 0.624886328125 0.5117653 0.6392027640625 0.483846084375 0.6204470234375 0.44863005468750006 0.639464034375
10 0.684924959375 0.63814153125 0.711955828125 0.4799266984375 0.49300605624999994 0.45694525468749997 0.4484755625 0.5951528734375 0.684924959375 0.63814153125
9 0.5594341843749999 0.8967478484375 0.8120503031249999 0.839846275 0.903207859375 0.7356626546875 0.887237634375 0.45027444843750003 0.7299150359375 0.38885611249999996 0.49243019062500004 0.43149341718749995 0.398052984375 0.6725340171874999 0.391068234375 0.709496315625 0.4801251640625 0.8621770546875 0.5594341843749999 0.8967478484375
6 0.5725074796875 0.42865770937500003 0.8322837078124999 0.41195134375000003 0.8708780609375 0.09889321718750001 0.741895609375 0.054480996875 0.5997210640625 0.138444196875 0.5725074796875 0.42865770937500003
16 0.5639492015625 0.124650959375 0.4416473296875 0.3048275546875 0.4460736515625 0.3280584015625 0.46425388749999996 0.3153065984375 0.5803756609375 0.1298517578125 0.5639492015625 0.124650959375
16 0.4077126203125 0.2248209921875 0.634612025 0.2338043734375 0.6281295484375 0.20164106093749998 0.4119418875 0.20142023281250002 0.4077126203125 0.2248209921875
6 0.568760021875 0.41660210312499996 0.7179354953125 0.42204979218750005 0.7394396375000001 0.12220397187500001 0.5915975671875 0.133187053125 0.56978295 0.4136792234375 0.568760021875 0.41660210312499996
6 0.445537953125 0.1255591671875 0.427491790625 0.45350879062500005 0.5674682109375 0.4204017140625 0.5952434203125 0.048797715625 0.445537953125 0.1255591671875
6 0 0.5407308203125 0.2976629890625 0.4696369015625 0.3157453140625 0.08856373906250001 0.156010996875 0.0588457203125 0.1305997828125 0.061911284375 0 0.42316740937499997 0 0.5407308203125
6 0.1605277453125 0 0.1730767140625 0.0608960671875 0.29619480781249996 0.103729625 0.3878295875 0.0630314546875 0.41430865 0 0.1605277453125 0
6 0.4241138203125 0.443974321875 0.1965459890625 0.5134807718750001 0.197798284375 0.7988019640624999 0.4005363609375 0.7813427109375 0.4241138203125 0.443974321875
16 0.4480055421875 0.091028890625 0.3990017203125 0.2074361 0.3957664625 0.1618805640625 0.3593269515625 0.1509049 0.354152796875 0.2242377296875 0.41444860156249996 0.2718389390625 0.46239105 0.09287600781250001 0.4480055421875 0.091028890625
10 0.5764250546875 0 0.59198631875 0.1332401328125 0.7616655703124999 0.065977759375 0.583155034375 0 0.5764250546875 0