10 0.7008880890625 0.2743642984375 0.840043109375 0.23031451249999998 0.8350340562499999 0.1071060578125 0.791646428125 0.08891090625 0.7103436171874999 0.088577278125 0.7008880890625 0.2743642984375
10 1 0.21233301093749998 0.8608283421875 0.21223261718750003 0.815122521875 0.533263865625 0.9579508406249999 0.51664504375 1 0.259661603125 1 0.21233301093749998
10 0.758829040625 0.34450909375 0.6623286296875001 0.3920511296875 0.6163006796875 0.5004097140625 0.675323653125 0.5789540546875 0.7678410609374999 0.53987499375 0.8183097484375 0.46920198593749995 0.7986019390625 0.405754115625 0.758829040625 0.34450909375
6 0.6314514375 0.563342190625 0.5019663265625 0.6927730546875 0.666529071875 0.8770995375 0.811600828125 0.73444410625 0.6314514375 0.563342190625
14 0.6197174609375 0.34691125624999997 0.6021986234375001 0.304090796875 0.5805102640625 0.2481204046875 0.4669944328125 0.2043194015625 0.3448832484375 0.24701028281249998 0.238048578125 0.3382105453125 0.2567804421875 0.476787271875 0.4694014234375 0.563872921875 0.5531068765625 0.4936978515625 0.5841652953125 0.4959452578125 0.650386084375 0.351262878125 0.6197174609375 0.34691125624999997
12 0.56798343125 0.36783593125 0.583498584375 0.3467973953125 0.5661574078125 0.320494721875 0.5286159578125 0.313293125 0.50830285 0.3332661765625 0.360602740625 0.3087292234375 0.359050809375 0.3396603625 0.3832600625 0.359841934375 0.5052869453125 0.360401003125 0.53071230625 0.38241943749999996 0.56798343125 0.36783593125
10 0.3332886609375 0.340351471875 0.28717773750000003 0.49409275937499997 0.5016947578125001 0.54358616875 0.5627366 0.41183563124999994 0.3332886609375 0.340351471875
9 0.48936022812499996 0.0989662453125 0.23169251562499998 0.12465752187500001 0.12851764375000002 0.21695526250000002 0.10958875625 0.502162509375 0.25825368437499996 0.5822958421875 0.4991645328125 0.5689184734375 0.622213725 0.34117624062499996 0.633650984375 0.30534068125 0.563864971875 0.14294469062499998 0.48936022812499996 0.0989662453125
6 0.4193385421875 0.561974078125 0.1594626515625 0.5468971578125 0.08300378750000001 0.8529183281250001 0.2056123359375 0.9127185125 0.3569596734375 0.8467078812500001 0.4193385421875 0.561974078125
16 0.390783925 0.8647577984374999 0.5341321812500001 0.7008290609375 0.5325699796875 0.677231940625 0.512971203125 0.68767308125 0.375113725 0.8575938843750001 0.390783925 0.8647577984374999
16 0.5580635984375 0.7843748671874999 0.333950265625 0.747806365625 0.3364647015625 0.780519953125 0.551014021875 0.8070857828125 0.5580635984375 0.7843748671874999
6 0.4215888578125 0.5743965234374999 0.27418922343749996 0.5508095234375 0.2163033546875 0.8457996421875 0.364381934375 0.85291584375 0.4202173453125 0.577172953125 0.4215888578125 0.5743965234374999
6 0.5084232359375 0.8782870609375 0.5663018906249999 0.5549811984375 0.42333409531250005 0.570782665625 0.350478784375 0.9362318374999999 0.5084232359375 0.8782870609375
6 1 0.5206469140625 0.6971284921875001 0.5547954546875 0.6327398109375 0.930824475 0.787661778125 0.979787696875 0.8132571796875 0.9798418312500001 1 0.6113647359375001 1 0.5206469140625
6 0.772949284375 1 0.7709731421875 0.9756728453125 0.6539928484375 0.918154240625 0.5580812421875 0.9473815828125 0.52796233125 1 0.772949284375 1
6 0.5684927234375 0.5648562687500001 0.802835003125 0.5236014531250001 0.8363639484375 0.24025438437500002 0.6330093031249999 0.23287594218750002 0.5684927234375 0.5648562687500001
16 0.5017658593750001 0.91225923125 0.564590884375 0.8026917671874999 0.562250203125 0.8483020187499999 0.5970805015625 0.86363673125 0.6111531140625 0.7914810828125 0.5571078734375 0.7368864765625001 0.48771268437500004 0.9086727296875001 0.5017658593750001 0.91225923125
10 0.36319447031249996 0.9895764546875 0.3640025484375 0.85281578125 0.1873908390625 0.89889809375 0.36319447031249996 0.9895764546875