10 0 0.5986203578125 0.0964239625 0.659643228125 0.20414970625 0.5611563375 0.0385256625 0.4764515546875 0 0.54381685 0 0.5986203578125
10 0 0.9662575421874999 0.1478641234375 0.9765972093749999 0.17803278281249998 0.9016996 0.1182724453125 0.848155015625 0.0197090734375 0.8359190546875 0 0.8496120156250001 0 0.9662575421874999
10 0 0.7970195359375001 0.28543961093750003 0.9049195843750001 0.371246090625 0.7895360421875 0.0703719640625 0.6686028203125 0 0.7906939484375 0 0.7970195359375001
10 0.48071439062500004 0.6913117640625 0.4422044828125 0.6009242 0.325349221875 0.5866062828125 0.23592640468749998 0.6464070703125 0.2690797 0.7114739234375 0.3141732625 0.7602653203124999 0.40061222656249995 0.751894659375 0.48071439062500004 0.6913117640625
6 0.6659632 0.598089415625 0.48913022812499996 0.6455113796874999 0.5472341375 0.8870762875 0.7433132421875001 0.832768175 0.6659632 0.598089415625
14 0.30756252812499996 0.527133990625 0.2959968328125 0.555869609375 0.4544058421875 0.5708619125000001 0.46798874062499995 0.5428408296875 0.5706148609375 0.5054373171875 0.6015069671875 0.2777593203125 0.4908619328125 0.1922486859375 0.358462853125 0.23917009375 0.26043587343749997 0.32357604218749997 0.24161073906250002 0.4437841359375 0.2792383421875 0.4905520015625 0.30756252812499996 0.527133990625
12 0.3828160921875 0.46780735625 0.37646024843750003 0.43477913125 0.43698952343749997 0.328821215625 0.431616396875 0.2977646015625 0.40405327812499997 0.2836430453125 0.351452846875 0.42382356718749997 0.323999125 0.431428709375 0.311465165625 0.4675413578125 0.325573359375 0.49571059218749997 0.35155084375 0.49279334375 0.3828160921875 0.46780735625
10 0.6012953109375 0.3127368953125 0.44509598749999996 0.27579948125 0.3922791171875 0.5102493046875 0.53689935 0.5232607890625001 0.6012953109375 0.3127368953125
9 0.26459459218750003 0.5184154875 0.30134772656250003 0.5264283109375001 0.56010288125 0.5337357015624999 0.6921434484375 0.3317894703125 0.697078409375 0.1629751984375 0.4406172453125 0.0367644734375 0.309097621875 0.07996766250000001 0.158014465625 0.290268809375 0.15884854531249998 0.37678103281249997 0.26459459218750003 0.5184154875
6 1 0.3112843828125 0.7108828046875 0.22853458437500002 0.5940018546875 0.46113216718750005 0.8717779953125 0.549477384375 1 0.4548215578125 1 0.3112843828125
16 0.8721285249999999 0.5706422546875001 0.6560440546875 0.60506993125 0.6372023734375001 0.6168224 0.656856978125 0.6299738671874999 0.8704975578124999 0.587795003125 0.8721285249999999 0.5706422546875001
16 0.797631475 0.4800998953125 0.717244059375 0.692471984375 0.740437078125 0.6977223296874999 0.8247050546875 0.4986342546875 0.797631475 0.4800998953125
6 0.606725065625 0.46949267031249997 0.87344311875 0.55900923125 0.9413195968749999 0.42721131874999996 0.6569077265625001 0.3298468921875 0.60363485 0.46929222031249995 0.606725065625 0.46949267031249997
6 0.51446416875 0.5849097203125 0.8233945874999999 0.6964382671875 0.9525484609375001 0.5886267468749999 0.5996325390624999 0.46899671249999997 0.51446416875 0.5849097203125
6 0.7653669140625 1 0.7716774453124999 0.98901625625 0.806735034375 0.8303682875 0.4488900109375 0.698116009375 0.2414538109375 0.9791377421874999 0.229899184375 0.982333659375 0.5535590125 1 0.7653669140625 1
6 0.96625754375 1 0.982029509375 0.77445036875 0.8584031953125001 0.773990621875 0.7851357703125 0.8424388390625 0.776458196875 0.972506046875 0.8162474640624999 1 0.96625754375 1
6 0.36902195625 0.7740635328125001 0.5219208156249999 0.5917445734375 0.202159128125 0.48162740625 0.106871725 0.6614269171875 0.36902195625 0.7740635328125001
16 0.7663783953125 0.765892546875 0.7705132953125 0.7280612671875 0.7298433171875 0.7072832296875 0.8561440375 0.70765889375 0.8600646234375 0.6936952375 0.6765957703125001 0.6679001062500001 0.6968534656250001 0.7420019609375 0.7663783953125 0.765892546875
10 1 0.4305053046875 0.87354615625 0.55863064375 0.9923884125000001 0.6263111640625 1 0.46583715156250005 1 0.4305053046875