10 0 0.41005805781250004 0.011872615625000001 0.47453020312499994 0.19014254218749999 0.5011776140624999 0.187372428125 0.32744320781249997 0.2109716484375 0.31217186875 0.20373119687500002 0.11682916875 0 0.088432275 0 0.41005805781250004
10 0.14077459375 0.49559566093749996 0.056127459375 0.485694278125 0.025883206250000002 0.55658390625 0.0750951125 0.63806501875 0.13411550156250002 0.6445686015625001 0.178090309375 0.6321573796875 0.194914075 0.548604084375 0.14077459375 0.49559566093749996
10 0.09650551562500001 0.6424273546875 0.060031834375 0.6897311453125 0.072020340625 0.76498025625 0.12400698750000001 0.8228938984375 0.18936186093750002 0.8144160078124999 0.226712534375 0.7811775671875 0.21692627656250002 0.6858427687499999 0.17410303124999998 0.6496109578125 0.09650551562500001 0.6424273546875
10 0.2464950109375 0.9781631828125 0.30925668125 0.997660725 0.3672686671875 0.9911102859375 0.4402764765625 0.9611827671875 0.4727759015625 0.9085700937500001 0.44345504843750005 0.8425684890625 0.34644519375 0.8253211015625 0.2355301734375 0.8220985765625001 0.1985522078125 0.8459141546875 0.2085654328125 0.9286941265624999 0.2464950109375 0.9781631828125
10 0.51145305 0.83791135625 0.5281081828125 0.642048159375 0.22337514687499999 0.579610909375 0.2249981328125 0.8290094640625 0.51145305 0.83791135625
10 0.74496235 0.8843660015625 0.7916311078125 0.6989848546874999 0.5257701406249999 0.6627256125 0.50988030625 0.8624266671875 0.74496235 0.8843660015625
10 0.5242552109374999 0.68691800625 0.6735424640625001 0.70947899375 0.7206478015625 0.52912309375 0.5906124953125 0.43177850624999997 0.5524375328125 0.42117224062499997 0.5208862515625 0.6360368656250001 0.5242552109374999 0.68691800625
10 0.5044104765624999 0.6666890546875 0.5565690359375 0.39448518125 0.1894335609375 0.305514865625 0.188091434375 0.5819681203125 0.5044104765624999 0.6666890546875
10 0.42742324375 0.3630584421875 0.5111920125 0.3643962640625 0.570414846875 0.29124426406250004 0.5591117953125 0.1557728265625 0.5008303546875 0.075996665625 0.37514377187500003 0.082937315625 0.336511834375 0.203209690625 0.375678259375 0.3209790359375 0.42742324375 0.3630584421875
10 0.7940101640624999 0.7191150687500001 0.835046915625 0.674541246875 0.79907459375 0.5619135015625 0.7371050765625 0.5626951703125 0.706210940625 0.6123501390625 0.7192686703125 0.6846877671875 0.7940101640624999 0.7191150687500001
10 0.9212314140625001 0.17888804062500002 0.8515606953124999 0.0815376484375 0.7627014171875001 0.0327701234375 0.6544235703125 0.048127228125 0.5831383484375 0.099175125 0.562840540625 0.27173249374999997 0.56877935625 0.4074493171875 0.645055340625 0.5336690421875 0.763723959375 0.5458365875 0.8528298796874999 0.48244543437500004 0.9174508671874999 0.3563674671875 0.9212314140625001 0.17888804062500002