10 0.230880909375 0 0.1366824359375 0.173017734375 0.25845443125 0.3059155609375 0.36563625312500003 0.1691552796875 0.3935868578125 0.172138690625 0.5108931140624999 0.0157723375 0.4961516828125 0 0.230880909375 0
10 0.2236011671875 0.2705093125 0.16404913125 0.20954432500000003 0.0959326421875 0.2456025875 0.0828997515625 0.3398953609375 0.12467437031249999 0.3820923296875 0.16665985 0.400121240625 0.2323161640625 0.34577567343750004 0.2236011671875 0.2705093125
10 0.0967934515625 0.3567595375 0.0386788390625 0.37056785468750003 0.0006398578125 0.436592009375 0.004594834375000001 0.5143156203125 0.0607204203125 0.5488562156250001 0.1106649734375 0.5465306359375 0.1630557546875 0.46628289062499995 0.1525772609375 0.41117594375 0.0967934515625 0.3567595375
10 0.00207178125 0.7120667265625 0.0385765578125 0.7667163625 0.0877826625 0.798133840625 0.1633543859375 0.82082109375 0.2217214109375 0.80038591875 0.2404709828125 0.7306408265625 0.17593430000000002 0.6561868093750001 0.09176514062499999 0.583881353125 0.048040234375000004 0.579118546875 0.0037268484375000003 0.6497521921875 0.00207178125 0.7120667265625
10 0.296246184375 0.7698140828125 0.43245035937500004 0.62808120625 0.23492134375 0.3877836359375 0.0792310453125 0.58262409375 0.296246184375 0.7698140828125
10 0.4484821375 0.9528682875 0.6014147109375 0.8381696796875 0.4176206140625 0.642679228125 0.2795959484375 0.7878763 0.4484821375 0.9528682875
10 0.4012185265625 0.6605268718749999 0.503038421875 0.772009565625 0.6531477906250001 0.66149105625 0.6133523125 0.5040062328125 0.5903595328125 0.47173933281249997 0.4306208921875 0.6188646453125 0.4012185265625 0.6605268718749999
10 0.3985267640625 0.632317328125 0.610365025 0.4535996328125 0.3810380078125 0.1534108703125 0.2060173078125 0.3674107734375 0.3985267640625 0.632317328125
10 0.52977738125 0.34790238906250004 0.5940360234375001 0.401659465625 0.6860968546875 0.382079821875 0.7625676718750001 0.26968549999999997 0.76747925 0.17101007968749998 0.6654345375 0.09730684843750001 0.559722025 0.1664641734375 0.5160454046875 0.282636375 0.52977738125 0.34790238906250004
10 0.59059523125 0.8553109828125001 0.6505379921875 0.8464958812500001 0.693461184375 0.7363295671875 0.644809903125 0.6979383578125 0.589551765625 0.7170852062499999 0.554175984375 0.781519596875 0.59059523125 0.8553109828125001
10 1 0.30663237187500003 0.998194634375 0.302217546875 0.9043824031250001 0.2460108015625 0.8168578984374999 0.240821225 0.6924896687500001 0.36214966406250004 0.61169563125 0.4713588609375 0.5915405578125 0.61745204375 0.6761061109375001 0.7015885843749999 0.7852477625 0.708400578125 0.9148111374999999 0.6510868999999999 1 0.55035188125 1 0.30663237187500003