10 0 0.3634426703125 0.02573264375 0.4016864015625 0.20447950312500002 0.322561471875 0.207860075 0.29465611875 0.3652258625 0.22098572968750002 0.2631269375 0.0724392359375 0 0.14573641406249999 0 0.3634426703125
10 0.43782597343749996 0.0575742953125 0.34301815625 0.049061896875 0.2925611875 0.10732122031249999 0.338567353125 0.1790610796875 0.4099441953125 0.2044839578125 0.47766634531249996 0.1527355046875 0.469544190625 0.1077704875 0.43782597343749996 0.0575742953125
10 0.547840596875 0 0.4776598734375 0.0213865734375 0.45113251875 0.0749055171875 0.491605609375 0.1415006171875 0.5429430203125001 0.1641069140625 0.6329193828124999 0.13111072031249998 0.6464204375 0.082969384375 0.6253906265625 0.02051235 0.5534433796875 0 0.547840596875 0
10 0.757551221875 0.05013321093749999 0.67875956875 0.077421734375 0.6735643421875 0.121097371875 0.7250826734375 0.21937447031250001 0.7831108437500001 0.2990055921875 0.8552861093749999 0.2964258015625 0.8883272546875001 0.244151634375 0.8832214140625 0.1654132890625 0.8636781296875 0.11040093749999999 0.8186409484375 0.0625382828125 0.757551221875 0.05013321093749999
10 0.63999385625 0.462993653125 0.8087334015625001 0.36216334375 0.6751588625 0.10860170312499999 0.45028945625 0.216472103125 0.63999385625 0.462993653125
10 0.8066890656249999 0.674887084375 0.9528503 0.5516757359375 0.8300781718750001 0.3500029671875 0.6575536984375 0.45182783437499996 0.8066890656249999 0.674887084375
10 0.76435448125 0.5641493859375 0.678633575 0.439860978125 0.6314250546875 0.45913780156249995 0.4521371796875 0.5816863578125 0.47840483125000005 0.61134830625 0.62290129375 0.6855502062500001 0.76435448125 0.5641493859375
10 0.4299621421875 0.5970985640625 0.6517525562500001 0.4308924390625 0.43694074218749995 0.18372597968749999 0.189054553125 0.30612140625 0.4299621421875 0.5970985640625
10 0.070413175 0.5706082125 0.11927233125 0.6866171453125001 0.2165235703125 0.704028590625 0.34323942500000004 0.6548009359375 0.383026425 0.5695040796875 0.3451021875 0.4947996703125 0.284597959375 0.4667379859375 0.1615781421875 0.48316211875 0.070413175 0.5706082125
10 0.803751534375 0.7246243265625 0.8258248921875 0.6682008609375 0.7621173234375 0.6161155875000001 0.6913765625 0.63609010625 0.6602900703125 0.6856248765624999 0.686753159375 0.741665371875 0.803751534375 0.7246243265625
10 0.433692521875 1 0.55390235 0.9381667124999999 0.6388925000000001 0.8248168109374999 0.6568066265625 0.7169400875 0.5938496109375 0.615615340625 0.4469668828125 0.6023900249999999 0.3223820046875 0.6565465921875 0.1761864421875 0.7504343125 0.1615542796875 0.8368829703125 0.1952172890625 0.9409345671875 0.2780025953125 0.9994224796875001 0.281420675 1 0.433692521875 1