6 0.7696278328124999 0.815711065625 0.7646627453125 0.756370384375 0.66255208125 0.5251496546875 0.6249448515625 0.5566216875000001 0.5872923218749999 0.540026234375 0.5590956609375 0.6037758359375001 0.6079943453125 0.76931755625 0.6500258828125001 0.8626261390625001 0.7696278328124999 0.815711065625
6 0.159555775 1 0.2908239921875 0.8637179765624999 0.307143225 0.6208999671875 0.130450334375 0.545003253125 0.0328329796875 0.7170555609375 0.0878318078125 1 0.159555775 1
10 0 0.5373739203125 0.0038287875 0.554224784375 0.0497679734375 0.5937179890625 0.10298784375 0.5958218640624999 0.136298290625 0.5665572359375 0.13393589687500002 0.5320537890625 0.09869200781250001 0.525260371875 0.054826284375 0.5012858140625001 0.026549801562499996 0.4488954359375 0.0024953640625 0.448888709375 0 0.4525218265625 0 0.5373739203125
10 0.055925546874999996 0.36796226875000004 0.02337694375 0.41101294062499993 0.027638840625 0.457850565625 0.0654087984375 0.5071578 0.11413268437499999 0.5393902109375001 0.17407686718749998 0.5416087203125 0.21518764687499997 0.49627128750000005 0.2085061375 0.424829621875 0.1969877703125 0.3690615453125 0.08201715625 0.32557255937499996 0.055925546874999996 0.36796226875000004
10 1 0.4536192984375 0.9825185859375001 0.3619213953125 0.9311122265625 0.3101650546875 0.78651274375 0.3511313609375 0.6963485078125 0.50449055625 0.7327848296874999 0.611724528125 0.7315310796875 0.6743959796875 0.7648577359375001 0.761870771875 0.8594263953124999 0.8079533031249999 0.9850736921875001 0.7761667796875 1 0.76462593125 1 0.4536192984375
10 0.5568891687499999 0 0.4511428890625 0.21813060156250003 0.401258459375 0.47620130312500003 0.62688125625 0.5627950390625001 0.715673378125 0.47106225625000003 0.8024857453124999 0.28538657968750003 0.8407760328125 0.1805391625 0.5981132109375 0 0.5568891687499999 0
10 0.3666165078125 0.633260975 0.5390457375000001 0.683080146875 0.6044398375 0.54440284375 0.42802387968750005 0.4807242359375 0.3666165078125 0.633260975
9 0.5380282703125 0.6778457312499999 0.5881705421875 0.54694283125 0.426664434375 0.4885850625 0.3825860109375 0.6270799874999999 0.5380282703125 0.6778457312499999
10 0.2390565734375 0.5911015421875 0.27282315156250003 0.567399709375 0.2635789671875 0.49814666250000006 0.2509676765625 0.4549902875 0.2073910203125 0.42547076875 0.213145778125 0.49037306875000003 0.174040490625 0.535943109375 0.1240249765625 0.5396670984374999 0.2390565734375 0.5911015421875
10 0.208035528125 0.36173652343749996 0.264015 0.4275070953125 0.3334373515625 0.4182778765625 0.361888396875 0.3770422203125 0.36191572031249997 0.3216894015625 0.3211674859375 0.24719354999999998 0.25496732031249997 0.2298803640625 0.2279973171875 0.2643986296875 0.208035528125 0.36173652343749996
9 0.122830903125 0.1053310765625 0.09621059531250001 0.323719 0.1963733796875 0.3793380375 0.2476111734375 0.189147125 0.122830903125 0.1053310765625
9 0.45621296093749997 0 0.24666302812500002 0.042237903125 0.25596761875 0.14780698125 0.2895649546875 0.144112659375 0.34673015625 0.2171007890625 0.345873459375 0.4050668921875 0.428620184375 0.37277794218750004 0.467634971875 0.190543665625 0.5623001265625 0 0.45621296093749997 0
10 0.319189071875 0.606689721875 0.37977408125 0.596341971875 0.41680522656249996 0.5230663468750001 0.396360471875 0.4694011890625 0.3315140671875 0.43149658750000003 0.28655074687500004 0.46260191875 0.2597602875 0.499815525 0.2672327546875 0.575517096875 0.319189071875 0.606689721875
9 0.32642908125000003 0.5987185109375 0.378128003125 0.5948512046875 0.4116555421875 0.52985319375 0.397603625 0.4805119765625 0.33897441875 0.44703618437500003 0.2855550234375 0.470017165625 0.260039015625 0.49462622500000003 0.2772329078125 0.5699164390625 0.32642908125000003 0.5987185109375
10 0.1015306796875 0.3223878046875 0.12236134375 0.129244765625 0.0368672828125 0.13145509375 0.011950825 0.183242953125 0.0208369515625 0.2507902328125 0.0765571 0.3202963296875 0.1015306796875 0.3223878046875
10 0.09879056093750001 0.1406662171875 0.043082240625000004 0.166617240625 0.030439246875 0.24401496093750003 0.0932079 0.3152490171875 0.1164445015625 0.14639438124999998 0.09879056093750001 0.1406662171875
15 0.5379494671875 1 0.7212463765625 0.9645308125 0.820458759375 0.8669601 0.846599765625 0.7984678890625 0.7645852421875 0.760441653125 0.768374578125 0.81234356875 0.6486827796875 0.8632936640625 0.5872172609375 0.7179766203125 0.5761886265625 0.648483365625 0.5564398453125 0.6514662875 0.53594504375 0.6909502796875 0.393256190625 0.6365101625 0.378719809375 0.622862353125 0.29878845468750004 0.7029420546875 0.28549004375 0.832815665625 0.28682558125 0.8603465218749999 0.21327013125 0.9441451656250001 0.20202626875 1 0.5379494671875 1