6 0.142830590625 0.3374100390625 0.23461545312499998 0.38267239375 0.39834978906249996 0.4373186140625 0.46304460625 0.41136395937500003 0.4477733171875 0.3731551921875 0.4805386515625 0.33666923125000003 0.2530223875 0.22655128281249998 0.1938911328125 0.21951826093750001 0.142830590625 0.3374100390625
6 0 0.8977179578125 0.2667727703125 0.9593073046875 0.4421270640625 0.86775395625 0.372443078125 0.6885199453124999 0.12920345312499998 0.6963550093750001 0 0.8123902281250001 0 0.8977179578125
10 0.5321237187500001 1 0.53371749375 0.9989853265624999 0.534550259375 0.974945309375 0.48317863125000005 0.9448576531249999 0.4607495703125 0.9001819531249999 0.455190284375 0.8647224453125 0.42079030156249997 0.8611573390625 0.3903809828125 0.893426171875 0.39062623125 0.946687046875 0.428492121875 0.9939765406250001 0.4512880984375 1 0.5321237187500001 1
10 0.5722989453125 0.9794383140624999 0.6164593234375 0.948411984375 0.6597337921875 0.9238156500000001 0.6202837171875 0.807397328125 0.5649515968750001 0.7939397015625 0.49378663281249996 0.784768984375 0.44704207343749996 0.8242724656249999 0.447167209375 0.8842575578125 0.47767954531249995 0.93407665625 0.5256385921875 0.9735444031249999 0.5722989453125 0.9794383140624999
10 0.2455677484375 0 0.24093028125 0.00558371875 0.20477809374999997 0.13004514218750002 0.2475321546875 0.22616445000000002 0.3337905765625 0.26252363125 0.39646760468750003 0.263457846875 0.5023646421875 0.303614384375 0.658777103125 0.21885723281249997 0.7047649015624999 0.075775540625 0.6548341468750001 0.022594225000000003 0.5553324875000001 0 0.2455677484375 0
10 1 0.41488256718749994 0.8311591421875001 0.17058058125 0.7250392828125001 0.2051884203125 0.5364470078125 0.2854679171875 0.44167130625000006 0.371004521875 0.52033816875 0.599511953125 0.779992603125 0.5586644484375001 1 0.4613387859375 1 0.41488256718749994
10 0.516752090625 0.5726049875 0.459269103125 0.39407414687500003 0.3183940578125 0.4545886421875 0.3621651875 0.6286514984375 0.516752090625 0.5726049875
9 0.3688997375 0.6129074359375 0.508848609375 0.5736892671875 0.456162871875 0.41024488750000004 0.32358977499999997 0.45578816875 0.3688997375 0.6129074359375
10 0.4472357265625 0.8743616281250001 0.4527029640625 0.8245065484375 0.49960999843750004 0.787015453125 0.564271925 0.7950317640625 0.5362911921875 0.7504514359375001 0.493601234375 0.7363416921875 0.42471299218749997 0.7246862421875 0.3998471609375 0.75760506875 0.4472357265625 0.8743616281250001
10 0.7259650921875 0.78005935625 0.76140356875 0.7543104515625 0.7464112828125 0.6875463921875 0.6733829046875 0.6442231125 0.6180628515625 0.6423186328125 0.5758593875 0.6693132453125 0.5642129875 0.738371209375 0.6279898375 0.796611940625 0.7259650921875 0.78005935625
9 0.80185526875 0.7630836859375 0.6099920421875 0.8076527015625 0.6620815671875 0.9096955453125 0.8812654906249999 0.8907130828125001 0.80185526875 0.7630836859375
9 1 0.4560364328125 0.8081383000000001 0.5431451828125 0.6246534375 0.57577631875 0.5894963390625 0.6573457687500001 0.7773778359375 0.663049515625 0.8483264671875 0.7227271421875 0.8434618640625 0.7561750828125 0.9486419078124999 0.7691583125 1 0.5535148000000001 1 0.4560364328125
10 0.4164054453125 0.729989940625 0.49180011874999996 0.740099803125 0.529926028125 0.7146244 0.5625816078125 0.67077403125 0.5269632046875 0.6046442765625 0.47404424843750004 0.5823390890625 0.39952089375 0.6167903953125 0.387065059375 0.676977365625 0.4164054453125 0.729989940625
9 0.4223516921875 0.720191340625 0.496995984375 0.7400023484375 0.522480546875 0.7153607281250001 0.5473118390625 0.6627759 0.5159025703125 0.6030141203125 0.467081815625 0.5872487796875 0.40095330625000003 0.618487496875 0.3952840875 0.6700199578125 0.4223516921875 0.720191340625
10 0.799531415625 0.99880653125 0.8521573 0.9757126203125001 0.85734998125 0.89034778125 0.66359761875 0.9044251593749999 0.6648162546874999 0.9294565171875 0.73233540625 0.98756845 0.799531415625 0.99880653125
10 0.817233471875 0.9682743078125 0.8451128796875 0.9135056015625 0.8400043171875 0.8956625046875001 0.6704415984375001 0.9129920109375 0.7394416671874999 0.978208459375 0.817233471875 0.9682743078125
15 0 0.7786746156250001 0.046118667187500004 0.7710547578125 0.1324333109375 0.700468646875 0.1599007875 0.7027641828125 0.290159390625 0.694006396875 0.3729798734375 0.6169184750000001 0.359847690625 0.6019146484375 0.31042050625 0.45741278437500005 0.3505957046875 0.4383084390625 0.35426603125 0.41867579062500004 0.285200003125 0.4052285953125 0.1421165984375 0.338729028125 0.1972128390625 0.220888275 0.24895089375 0.226486653125 0.2138100859375 0.14319499375 0.144447290625 0.1669297328125 0.0434735546875 0.262676509375 0 0.45170709374999996 0 0.7786746156250001