6 0.510437875 0.8922964859375 0.510883575 0.7899590875 0.48822286249999997 0.6188403140625 0.4365346328125 0.5720707703125 0.4088873125 0.602546134375 0.361730571875 0.589091240625 0.36249377968749996 0.8418540359375 0.382093978125 0.8980839296875001 0.510437875 0.8922964859375
6 1 0.49715848281249997 0.855904890625 0.3908031265625 0.725357878125 0.532005696875 0.8390292203125 0.7471933578125001 1 0.8124703609375 1 0.49715848281249997
10 0.9753301640625001 0.3477257921875 0.95927544375 0.2666347609375 0.9337042640625001 0.250954146875 0.9117321796875 0.26074411249999996 0.9072094140625 0.32010618750000003 0.8768874125 0.35984983125 0.8474536484374999 0.38039090937500003 0.8593293125000001 0.41287224843750003 0.901662915625 0.42605823750000005 0.9494259625 0.4024897796875 0.9753301640625001 0.3477257921875
10 0.8992225312500001 0.2248462140625 0.851977615625 0.198756178125 0.810900296875 0.170643665625 0.723557978125 0.2571355921875 0.7357183468749999 0.3127672078125 0.758672428125 0.38075003125 0.8146693890625001 0.40544657656250005 0.8685287765625 0.379038371875 0.8999301578125 0.32977480937500003 0.914379671875 0.2693679828125 0.8992225312500001 0.2248462140625
10 0.29690354218750004 0.9275212265624999 0.36455285625 0.8469582000000001 0.35941906874999996 0.7534908296875 0.33278293593749997 0.69674755625 0.32245318749999996 0.5839644609375 0.177707253125 0.4805369625 0.028946556249999998 0.5019262875 0.003035709375 0.5701169078125 0.0874032484375 0.9296343203124999 0.1691902796875 0.9495881531249999 0.29690354218750004 0.9275212265624999
10 0.580525084375 0.43809700625000003 0.429986578125 0.22262751406249998 0.2255101953125 0.05021891093750001 0.058749175 0.346764103125 0.1363743796875 0.426972921875 0.2912025234375 0.561286321875 0.4096292484375 0.608973378125 0.580525084375 0.43809700625000003
10 0.5579132984374999 0.45311538906250004 0.42264972343749996 0.583043525 0.5387953484375 0.68313336875 0.6760540046875 0.5674880046874999 0.5579132984374999 0.45311538906250004
9 0.6589511046875 0.5683367734375 0.5623525 0.4597436734375 0.43854557187500004 0.5787466015625 0.537595821875 0.6779376515625 0.6589511046875 0.5683367734375
10 0.8596043375000001 0.3833148796875 0.812398209375 0.4002559875 0.7581387453125 0.3745312375 0.7369978359375 0.3128993640625 0.7091952484374999 0.357591009375 0.715227540625 0.40214579375000004 0.734950309375 0.4691715484375 0.7754380171874999 0.477090146875 0.8596043375000001 0.3833148796875
10 0.6526591046875 0.1741339796875 0.6139809374999999 0.1535696640625 0.560545984375 0.1963120796875 0.5536208109375 0.2809412265625 0.5761597921875 0.3314974296875 0.6189231687500001 0.3575959921875 0.686097503125 0.3377906890625 0.7104859953125 0.25493737968749997 0.6526591046875 0.1741339796875
9 0.6752763875000001 0 0.6041334109375 0.113365984375 0.7282990781249999 0.26627373906249996 0.797180034375 0.174723346875 0.6924040640625 0 0.6752763875000001 0
9 0.45030820781249997 0 0.2192671421875 0.0516602328125 0.40369969375 0.204133528125 0.5134628343750001 0.35474408125 0.6021888265625 0.350585378125 0.5249534953125 0.17921825 0.5474895578125001 0.0892890921875 0.5796848671875 0.07899875625 0.55254029375 0 0.45030820781249997 0
10 0.7433590296875 0.47431333281250004 0.719394865625 0.40211717968749994 0.679784425 0.3790175203125 0.6260567109374999 0.368889615625 0.5822337625 0.42989259999999996 0.5853841359375 0.48723379375000003 0.649017653125 0.5391124828125 0.7085736218750001 0.52392348125 0.7433590296875 0.47431333281250004
9 0.73194544375 0.47326430625000004 0.71702955625 0.3974898875 0.6837101171875 0.3853866890625 0.6255618640625 0.3861201421875 0.58561725 0.440548446875 0.5928490656250001 0.49133932031249994 0.6499150703125001 0.5370810796875001 0.6987173609374999 0.51958619375 0.73194544375 0.47326430625000004
10 0.7127593484375 0 0.694190340625 0.0076987609375 0.79177845 0.1756711125 0.8137422703125001 0.163602784375 0.83637448125 0.0774423796875 0.817018409375 0.012120556250000001 0.80272968125 0 0.7127593484375 0
10 0.781816159375 0.0095944984375 0.72036884375 0.0085456734375 0.7065710203125 0.0209591171875 0.79647808125 0.165764325 0.8248465968750001 0.075158465625 0.781816159375 0.0095944984375
15 0.548780809375 1 0.7439138484375001 0.954776915625 0.9952210984375001 0.8632309640625 0.9425908828124999 0.7891232546875 0.8413106578124999 0.74248708125 0.8313329218750001 0.7167931796875 0.7663598625 0.6035566828125 0.6607675875 0.5629112484375 0.6530390078125 0.5812916203125 0.54482904375 0.689061928125 0.510046525 0.6613274921875 0.4907918515625 0.666635009375 0.508982146875 0.7346060078125001 0.5119363671875 0.8923600109375001 0.3818691984375 0.8944978234375001 0.36422051718750004 0.8455418015625 0.3047631859375 0.913638809375 0.3565024765625 0.9655770531250001 0.4484630796875 1 0.548780809375 1